TimeStamp	SystemTimeStamp	Error	Behavior	EyeLeft	EyeRight	OnsetS	DurationS	VelocityDegps	AmplitudeDeg	DirectionRadial	
681813838000	673858036474	None	Blink	(0.00, 0.00)	(239.93, 121.10)	NaN	NaN	NaN	NaN	NaN	
681830507000	673874704963	None	Blink	(0.00, 0.00)	(241.66, 120.79)	NaN	NaN	NaN	NaN	NaN	
681863840000	673908037407	None	Blink	(0.00, 0.00)	(243.17, 120.44)	NaN	NaN	NaN	NaN	NaN	
681880505000	673924701997	None	Blink	(0.00, 0.00)	(242.28, 120.75)	NaN	NaN	NaN	NaN	NaN	
681897171000	673941367712	None	Blink	(0.00, 0.00)	(244.38, 120.40)	NaN	NaN	NaN	NaN	NaN	
681913838000	673958034467	None	Blink	(0.00, 0.00)	(246.56, 119.57)	NaN	NaN	NaN	NaN	NaN	
681913838000	673958034422	None	Blink	(0.00, 0.00)	(246.56, 119.57)	NaN	NaN	NaN	NaN	NaN	
681930504000	673974700175	None	6	(0.00, 0.00)	(242.52, 120.56)	NaN	NaN	NaN	NaN	NaN	
681947171000	673991366812	None	6	(0.00, 0.00)	(242.46, 120.45)	NaN	NaN	NaN	NaN	NaN	
681963837000	674008032530	None	6	(0.00, 0.00)	(243.74, 120.40)	NaN	NaN	NaN	NaN	NaN	
681980504000	674024699234	None	6	(0.00, 0.00)	(244.37, 120.26)	NaN	NaN	NaN	NaN	NaN	
681997169000	674041363912	None	6	(0.00, 0.00)	(242.99, 120.42)	NaN	NaN	NaN	NaN	NaN	
682013836000	674058030670	None	6	(0.00, 0.00)	(241.76, 120.85)	NaN	NaN	NaN	NaN	NaN	
682030502000	674074696280	None	6	(0.00, 0.00)	(234.94, 121.97)	NaN	NaN	NaN	NaN	NaN	
682047169000	674091362996	None	Blink	(0.00, 0.00)	(243.38, 120.75)	NaN	NaN	NaN	NaN	NaN	
682063837000	674108030772	None	Blink	(0.00, 0.00)	(243.72, 120.63)	NaN	NaN	NaN	NaN	NaN	
682080504000	674124697439	None	Blink	(0.00, 0.00)	(242.43, 121.08)	NaN	NaN	NaN	NaN	NaN	
682097171000	674141364068	None	Blink	(0.00, 0.00)	(248.46, 119.42)	NaN	NaN	NaN	NaN	NaN	
682113837000	674158029915	None	Blink	(0.00, 0.00)	(242.35, 120.94)	NaN	NaN	NaN	NaN	NaN	
682130504000	674174696574	None	Blink	(0.00, 0.00)	(242.22, 120.51)	NaN	NaN	NaN	NaN	NaN	
682147170000	674191362154	None	Blink	(0.00, 0.00)	(241.72, 120.88)	NaN	NaN	NaN	NaN	NaN	
682163835000	674208026976	None	6	(0.00, 0.00)	(243.96, 120.34)	NaN	NaN	NaN	NaN	NaN	
682180501000	674224692625	None	6	(0.00, 0.00)	(242.40, 121.06)	NaN	NaN	NaN	NaN	NaN	
682197170000	674241361259	None	6	(0.00, 0.00)	(237.65, 122.06)	NaN	NaN	NaN	NaN	NaN	
682213836000	674258027011	None	6	(0.00, 0.00)	(238.03, 121.97)	NaN	NaN	NaN	NaN	NaN	
682230501000	674274691666	None	Blink	(0.00, 0.00)	(243.91, 120.23)	NaN	NaN	NaN	NaN	NaN	
682247168000	674291358388	None	Blink	(0.00, 0.00)	(243.19, 120.54)	NaN	NaN	NaN	NaN	NaN	
682263834000	674308024106	None	Blink	(0.00, 0.00)	(240.92, 121.14)	NaN	NaN	NaN	NaN	NaN	
682297166000	674341355828	None	Blink	(0.00, 0.00)	(244.00, 120.57)	NaN	NaN	NaN	NaN	NaN	
682313833000	674358022238	None	Blink	(0.00, 0.00)	(233.34, 123.15)	NaN	NaN	NaN	NaN	NaN	
682330499000	674374687866	None	Blink	(0.00, 0.00)	(240.89, 120.98)	NaN	NaN	NaN	NaN	NaN	
682330499000	674374687894	None	Blink	(0.00, 0.00)	(240.89, 120.98)	NaN	NaN	NaN	NaN	NaN	
682347168000	674391356524	None	6	(0.00, 0.00)	(249.18, 119.15)	NaN	NaN	NaN	NaN	NaN	
682363834000	674408022269	None	6	(0.00, 0.00)	(242.38, 120.97)	NaN	NaN	NaN	NaN	NaN	
682380501000	674424688980	None	6	(0.00, 0.00)	(240.05, 121.04)	NaN	NaN	NaN	NaN	NaN	
682397167000	674441354644	None	6	(0.00, 0.00)	(244.15, 120.33)	NaN	NaN	NaN	NaN	NaN	
682413834000	674458021395	None	6	(0.00, 0.00)	(241.82, 121.30)	NaN	NaN	NaN	NaN	NaN	
682430499000	674474686084	None	6	(0.00, 0.00)	(243.37, 120.45)	NaN	NaN	NaN	NaN	NaN	
682447165000	674491351786	None	6	(0.00, 0.00)	(246.11, 119.86)	NaN	NaN	NaN	NaN	NaN	
682463832000	674508018477	None	6	(0.00, 0.00)	(243.92, 120.29)	NaN	NaN	NaN	NaN	NaN	
682480498000	674524684142	None	6	(0.00, 0.00)	(245.05, 119.85)	NaN	NaN	NaN	NaN	NaN	
682497165000	674541350859	None	6	(22.46, 189.47)	(241.78, 121.13)	NaN	NaN	NaN	NaN	NaN	
682513831000	674558016593	None	6	(0.00, 0.00)	(239.73, 121.26)	NaN	NaN	NaN	NaN	NaN	
682530498000	674574683317	None	6	(0.00, 0.00)	(251.85, 118.64)	NaN	NaN	NaN	NaN	NaN	
682547165000	674591349958	None	6	(0.00, 0.00)	(243.55, 120.50)	NaN	NaN	NaN	NaN	NaN	
682563833000	674608017802	None	6	(0.00, 0.00)	(242.57, 120.60)	NaN	NaN	NaN	NaN	NaN	
682580500000	674624684324	None	Blink	(0.00, 0.00)	(246.05, 120.10)	NaN	NaN	NaN	NaN	NaN	
682597166000	674641350047	None	Blink	(0.00, 0.00)	(239.10, 121.69)	NaN	NaN	NaN	NaN	NaN	
682613833000	674658016762	None	Blink	(0.00, 0.00)	(250.34, 118.84)	NaN	NaN	NaN	NaN	NaN	
682630498000	674674681429	None	Blink	(0.00, 0.00)	(240.21, 121.18)	NaN	NaN	NaN	NaN	NaN	
682647165000	674691348114	None	Blink	(0.00, 0.00)	(240.36, 121.22)	NaN	NaN	NaN	NaN	NaN	
682663829000	674708012267	None	Blink	(15.80, 188.39)	(243.24, 120.63)	NaN	NaN	NaN	NaN	NaN	
682680496000	674724678561	None	Blink	(14.89, 196.38)	(246.87, 119.61)	NaN	NaN	NaN	NaN	NaN	
682697164000	674741346258	None	6	(25.63, 183.26)	(244.56, 120.20)	NaN	NaN	NaN	NaN	NaN	
682730496000	674774677962	None	6	(29.62, 178.63)	(246.32, 119.83)	NaN	NaN	NaN	NaN	NaN	
682747162000	674791343403	None	6	(25.57, 182.30)	(243.75, 120.72)	NaN	NaN	NaN	NaN	NaN	
682747162000	674791343363	None	6	(25.57, 182.30)	(243.75, 120.72)	NaN	NaN	NaN	NaN	NaN	
682763829000	674808010072	None	6	(0.00, 0.00)	(244.05, 120.24)	NaN	NaN	NaN	NaN	NaN	
682780495000	674824675704	None	6	(29.61, 184.07)	(238.93, 121.43)	NaN	NaN	NaN	NaN	NaN	
682797162000	674841342403	None	6	(0.00, 0.00)	(245.61, 120.14)	NaN	NaN	NaN	NaN	NaN	
682813828000	674858008479	None	6	(0.00, 0.00)	(243.16, 120.57)	NaN	NaN	NaN	NaN	NaN	
682830497000	674874676893	None	6	(0.00, 0.00)	(243.85, 120.51)	NaN	NaN	NaN	NaN	NaN	
682847163000	674891342823	None	6	(21.93, 178.89)	(235.66, 122.57)	NaN	NaN	NaN	NaN	NaN	
682863830000	674908009432	None	6	(0.00, 0.00)	(242.21, 120.95)	NaN	NaN	NaN	NaN	NaN	
682880496000	674924675195	None	6	(23.22, 182.57)	(243.49, 120.51)	NaN	NaN	NaN	NaN	NaN	
682897163000	674941341640	None	6	(0.00, 0.00)	(241.82, 121.00)	NaN	NaN	NaN	NaN	NaN	
682913829000	674958007386	None	6	(0.00, 0.00)	(230.03, 123.63)	NaN	NaN	NaN	NaN	NaN	
682930496000	674974674037	None	Blink	(0.00, 0.00)	(240.58, 121.02)	NaN	NaN	NaN	NaN	NaN	
682947163000	674991340712	None	Blink	(0.00, 0.00)	(224.15, 123.76)	NaN	NaN	NaN	NaN	NaN	
682963827000	675008004438	None	Blink	(0.00, 0.00)	(241.83, 120.98)	NaN	NaN	NaN	NaN	NaN	
682980494000	675024671085	None	Blink	(0.00, 0.00)	(234.51, 121.78)	NaN	NaN	NaN	NaN	NaN	
682997160000	675041336888	None	Blink	(0.00, 0.00)	(238.97, 121.22)	NaN	NaN	NaN	NaN	NaN	
683013827000	675058003497	None	Blink	(0.00, 0.00)	(246.21, 119.59)	NaN	NaN	NaN	NaN	NaN	
683030492000	675074668178	None	Blink	(200.85, 204.00)	(240.50, 120.48)	NaN	NaN	NaN	NaN	NaN	
683047159000	675091334921	None	6	(0.00, 0.00)	(253.09, 118.54)	NaN	NaN	NaN	NaN	NaN	
683063826000	675108001657	None	Blink	(0.00, 0.00)	(240.93, 120.83)	NaN	NaN	NaN	NaN	NaN	
683080492000	675124667386	None	Blink	(0.00, 0.00)	(241.75, 120.44)	NaN	NaN	NaN	NaN	NaN	
683097161000	675141336034	None	Blink	(0.00, 0.00)	(239.66, 120.78)	NaN	NaN	NaN	NaN	NaN	
683113827000	675158001761	None	Blink	(0.00, 0.00)	(244.86, 120.16)	NaN	NaN	NaN	NaN	NaN	
683130494000	675174668386	None	Blink	(0.00, 0.00)	(242.66, 120.48)	NaN	NaN	NaN	NaN	NaN	
683163827000	675208000856	None	Blink	(0.00, 0.00)	(251.25, 118.90)	NaN	NaN	NaN	NaN	NaN	
683163827000	675208000939	None	Blink	(0.00, 0.00)	(251.25, 118.90)	NaN	NaN	NaN	NaN	NaN	
683180493000	675224666472	None	6	(0.00, 0.00)	(238.15, 121.36)	NaN	NaN	NaN	NaN	NaN	
683197159000	675241332159	None	6	(0.00, 0.00)	(239.65, 122.09)	NaN	NaN	NaN	NaN	NaN	
683213826000	675257998961	None	6	(0.00, 0.00)	(240.38, 120.93)	NaN	NaN	NaN	NaN	NaN	
683230491000	675274663591	None	6	(0.00, 0.00)	(244.24, 120.52)	NaN	NaN	NaN	NaN	NaN	
683247158000	675291330368	None	6	(0.00, 0.00)	(234.65, 121.98)	NaN	NaN	NaN	NaN	NaN	
683263823000	675307995124	None	6	(0.00, 0.00)	(240.79, 121.29)	NaN	NaN	NaN	NaN	NaN	
683280490000	675324661707	None	Blink	(0.00, 0.00)	(243.79, 120.18)	NaN	NaN	NaN	NaN	NaN	
683297156000	675341327381	None	Blink	(0.00, 0.00)	(242.36, 120.49)	NaN	NaN	NaN	NaN	NaN	
683313825000	675357996186	None	Blink	(0.00, 0.00)	(237.35, 122.01)	NaN	NaN	NaN	NaN	NaN	
683330491000	675374661951	None	Blink	(0.00, 0.00)	(238.57, 121.22)	NaN	NaN	NaN	NaN	NaN	
683347158000	675391328628	None	Blink	(0.00, 0.00)	(249.08, 119.12)	NaN	NaN	NaN	NaN	NaN	
683363823000	675407993820	None	Blink	(0.00, 0.00)	(244.96, 119.66)	NaN	NaN	NaN	NaN	NaN	
683380489000	675424659260	None	Blink	(0.00, 0.00)	(237.17, 121.35)	NaN	NaN	NaN	NaN	NaN	
683397155000	675441324779	None	6	(0.00, 0.00)	(242.06, 120.97)	NaN	NaN	NaN	NaN	NaN	
683413822000	675457991363	None	6	(0.00, 0.00)	(234.62, 122.09)	NaN	NaN	NaN	NaN	NaN	
683430489000	675474657965	None	6	(0.00, 0.00)	(244.50, 120.43)	NaN	NaN	NaN	NaN	NaN	
683447155000	675491323686	None	6	(0.00, 0.00)	(244.25, 120.09)	NaN	NaN	NaN	NaN	NaN	
683463822000	675507990454	None	Blink	(0.00, 0.00)	(247.19, 118.98)	NaN	NaN	NaN	NaN	NaN	
683480488000	675524656144	None	Blink	(0.00, 0.00)	(251.35, 118.94)	NaN	NaN	NaN	NaN	NaN	
683497155000	675541322774	None	Blink	(0.00, 0.00)	(233.48, 122.42)	NaN	NaN	NaN	NaN	NaN	
683513821000	675557988525	None	Blink	(0.00, 0.00)	(240.35, 120.95)	NaN	NaN	NaN	NaN	NaN	
683530488000	675574655214	None	Blink	(0.00, 0.00)	(245.48, 120.15)	NaN	NaN	NaN	NaN	NaN	
683547154000	675591320916	None	Blink	(0.00, 0.00)	(241.65, 120.63)	NaN	NaN	NaN	NaN	NaN	
683563821000	675607987634	None	Blink	(0.00, 0.00)	(236.11, 121.51)	NaN	NaN	NaN	NaN	NaN	
683580488000	675624654267	None	6	(0.00, 0.00)	(236.14, 121.56)	NaN	NaN	NaN	NaN	NaN	
683597156000	675641321955	None	6	(0.00, 0.00)	(250.26, 118.96)	NaN	NaN	NaN	NaN	NaN	
683613823000	675657988736	None	6	(0.00, 0.00)	(241.27, 120.79)	NaN	NaN	NaN	NaN	NaN	
683630488000	675674653461	None	6	(0.00, 0.00)	(238.70, 121.69)	NaN	NaN	NaN	NaN	NaN	
683647155000	675691320069	None	6	(0.00, 0.00)	(238.37, 121.35)	NaN	NaN	NaN	NaN	NaN	
683663820000	675707984756	None	6	(0.00, 0.00)	(235.96, 121.67)	NaN	NaN	NaN	NaN	NaN	
683680487000	675724651566	None	6	(0.00, 0.00)	(243.32, 120.49)	NaN	NaN	NaN	NaN	NaN	
683697154000	675741318194	None	6	(0.00, 0.00)	(244.11, 120.32)	NaN	NaN	NaN	NaN	NaN	
683713820000	675757983967	None	6	(0.00, 0.00)	(245.53, 119.79)	NaN	NaN	NaN	NaN	NaN	
683730487000	675774650580	None	6	(0.00, 0.00)	(241.83, 121.04)	NaN	NaN	NaN	NaN	NaN	
683747153000	675791316297	None	Blink	(0.00, 0.00)	(230.70, 122.44)	NaN	NaN	NaN	NaN	NaN	
683763820000	675807982970	None	Blink	(0.00, 0.00)	(237.41, 121.53)	NaN	NaN	NaN	NaN	NaN	
683780486000	675824648678	None	Blink	(0.00, 0.00)	(241.13, 120.67)	NaN	NaN	NaN	NaN	NaN	
683797154000	675841316378	None	Blink	(0.00, 0.00)	(246.60, 119.69)	NaN	NaN	NaN	NaN	NaN	
683813819000	675857981188	None	Blink	(0.00, 0.00)	(235.51, 122.27)	NaN	NaN	NaN	NaN	NaN	
683830487000	675874648762	None	Blink	(0.00, 0.00)	(248.49, 119.23)	NaN	NaN	NaN	NaN	NaN	
683847154000	675891315474	None	Blink	(0.00, 0.00)	(243.12, 120.29)	NaN	NaN	NaN	NaN	NaN	
683863820000	675907981169	None	6	(0.00, 0.00)	(241.96, 120.87)	NaN	NaN	NaN	NaN	NaN	
683880487000	675924647993	None	6	(0.00, 0.00)	(243.50, 120.53)	NaN	NaN	NaN	NaN	NaN	
683897152000	675941312553	None	6	(0.00, 0.00)	(244.85, 120.14)	NaN	NaN	NaN	NaN	NaN	
683913818000	675957978277	None	6	(0.00, 0.00)	(251.42, 118.74)	NaN	NaN	NaN	NaN	NaN	
683930485000	675974645172	None	6	(0.00, 0.00)	(241.82, 120.58)	NaN	NaN	NaN	NaN	NaN	
683947152000	675991311919	None	6	(0.00, 0.00)	(241.93, 120.78)	NaN	NaN	NaN	NaN	NaN	
683963817000	676007976677	None	6	(0.00, 0.00)	(237.79, 121.19)	NaN	NaN	NaN	NaN	NaN	
683980484000	676024643495	None	6	(0.00, 0.00)	(241.26, 120.71)	NaN	NaN	NaN	NaN	NaN	
683980484000	676024643098	None	6	(0.00, 0.00)	(241.26, 120.71)	NaN	NaN	NaN	NaN	NaN	
684013817000	676057975446	None	Blink	(0.00, 0.00)	(242.14, 120.89)	NaN	NaN	NaN	NaN	NaN	
684030483000	676074641243	None	Blink	(0.00, 0.00)	(241.18, 120.92)	NaN	NaN	NaN	NaN	NaN	
684047150000	676091307846	None	Blink	(0.00, 0.00)	(233.96, 121.89)	NaN	NaN	NaN	NaN	NaN	
684063818000	676107975654	None	Blink	(0.00, 0.00)	(241.71, 120.72)	NaN	NaN	NaN	NaN	NaN	
684080485000	676124642271	None	Blink	(0.00, 0.00)	(247.20, 119.41)	NaN	NaN	NaN	NaN	NaN	
684097150000	676141307012	None	Blink	(0.00, 0.00)	(244.40, 120.44)	NaN	NaN	NaN	NaN	NaN	
684113816000	676157972666	None	Blink	(0.00, 0.00)	(240.99, 120.88)	NaN	NaN	NaN	NaN	NaN	
684130483000	676174639397	None	6	(0.00, 0.00)	(238.11, 121.30)	NaN	NaN	NaN	NaN	NaN	
684147149000	676191305092	None	6	(0.00, 0.00)	(244.07, 120.35)	NaN	NaN	NaN	NaN	NaN	
684163816000	676207971782	None	Blink	(0.00, 0.00)	(254.05, 118.71)	NaN	NaN	NaN	NaN	NaN	
684180482000	676224637468	None	Blink	(0.00, 0.00)	(236.28, 122.10)	NaN	NaN	NaN	NaN	NaN	
684197149000	676241304168	None	Blink	(0.00, 0.00)	(227.82, 124.68)	NaN	NaN	NaN	NaN	NaN	
684213816000	676257970968	None	Blink	(0.00, 0.00)	(243.49, 120.46)	NaN	NaN	NaN	NaN	NaN	
684230482000	676274636633	None	Blink	(0.00, 0.00)	(244.86, 119.82)	NaN	NaN	NaN	NaN	NaN	
684247149000	676291303272	None	Blink	(0.00, 0.00)	(245.53, 119.51)	NaN	NaN	NaN	NaN	NaN	
684263815000	676307969031	None	Blink	(0.00, 0.00)	(242.52, 120.52)	NaN	NaN	NaN	NaN	NaN	
684280482000	676324635983	None	6	(0.00, 0.00)	(239.95, 121.22)	NaN	NaN	NaN	NaN	NaN	
684297148000	676341301441	None	6	(25.58, 184.01)	(240.90, 121.21)	NaN	NaN	NaN	NaN	NaN	
684313815000	676357968053	None	Blink	(0.00, 0.00)	(245.66, 119.92)	NaN	NaN	NaN	NaN	NaN	
684330481000	676374633802	None	Blink	(0.00, 0.00)	(240.02, 121.30)	NaN	NaN	NaN	NaN	NaN	
684347150000	676391302466	None	Blink	(0.00, 0.00)	(242.52, 121.09)	NaN	NaN	NaN	NaN	NaN	
684363815000	676407967212	None	Blink	(0.00, 0.00)	(247.89, 119.32)	NaN	NaN	NaN	NaN	NaN	
684380482000	676424633917	None	Blink	(0.00, 0.00)	(241.88, 120.93)	NaN	NaN	NaN	NaN	NaN	
684397146000	676441297670	None	Blink	(0.00, 0.00)	(244.62, 120.19)	NaN	NaN	NaN	NaN	NaN	
684397146000	676441297776	None	Blink	(0.00, 0.00)	(244.62, 120.19)	NaN	NaN	NaN	NaN	NaN	
684413813000	676457964470	None	Blink	(0.00, 0.00)	(243.55, 120.36)	NaN	NaN	NaN	NaN	NaN	
684447146000	676491296825	None	6	(0.00, 0.00)	(239.36, 121.82)	NaN	NaN	NaN	NaN	NaN	
684463813000	676507963506	None	6	(0.00, 0.00)	(237.81, 121.64)	NaN	NaN	NaN	NaN	NaN	
684480479000	676524629253	None	6	(0.00, 0.00)	(246.05, 119.94)	NaN	NaN	NaN	NaN	NaN	
684497146000	676541295956	None	6	(0.00, 0.00)	(238.29, 121.48)	NaN	NaN	NaN	NaN	NaN	
684513812000	676557961578	None	6	(0.00, 0.00)	(248.03, 118.95)	NaN	NaN	NaN	NaN	NaN	
684530481000	676574630221	None	6	(0.00, 0.00)	(235.01, 122.41)	NaN	NaN	NaN	NaN	NaN	
684547147000	676591296157	None	6	(0.00, 0.00)	(245.30, 120.12)	NaN	NaN	NaN	NaN	NaN	
684563812000	676607960559	None	6	(0.00, 0.00)	(237.12, 121.42)	NaN	NaN	NaN	NaN	NaN	
684580478000	676624626331	None	6	(0.00, 0.00)	(239.02, 121.44)	NaN	NaN	NaN	NaN	NaN	
684597147000	676641295015	None	Blink	(0.00, 0.00)	(244.59, 119.94)	NaN	NaN	NaN	NaN	NaN	
684613814000	676657961860	None	Blink	(0.00, 0.00)	(236.14, 122.40)	NaN	NaN	NaN	NaN	NaN	
684630478000	676674625396	None	Blink	(0.00, 0.00)	(241.62, 120.88)	NaN	NaN	NaN	NaN	NaN	
684647145000	676691292077	None	Blink	(0.00, 0.00)	(239.16, 121.24)	NaN	NaN	NaN	NaN	NaN	
684663810000	676707956840	None	Blink	(0.00, 0.00)	(241.20, 120.81)	NaN	NaN	NaN	NaN	NaN	
684680477000	676724623487	None	Blink	(0.00, 0.00)	(240.64, 120.66)	NaN	NaN	NaN	NaN	NaN	
684697146000	676741292171	None	Blink	(0.00, 0.00)	(245.34, 120.08)	NaN	NaN	NaN	NaN	NaN	
684713812000	676757957994	None	6	(0.00, 0.00)	(242.71, 120.54)	NaN	NaN	NaN	NaN	NaN	
684730477000	676774622613	None	6	(0.00, 0.00)	(236.42, 121.76)	NaN	NaN	NaN	NaN	NaN	
684747143000	676791288588	None	6	(0.00, 0.00)	(247.35, 119.39)	NaN	NaN	NaN	NaN	NaN	
684763811000	676807955968	None	Blink	(0.00, 0.00)	(245.92, 119.90)	NaN	NaN	NaN	NaN	NaN	
684780478000	676824622690	None	Blink	(0.00, 0.00)	(237.65, 121.49)	NaN	NaN	NaN	NaN	NaN	
684797143000	676841287382	None	Blink	(0.00, 0.00)	(246.51, 119.99)	NaN	NaN	NaN	NaN	NaN	
684813809000	676857953111	None	Blink	(0.00, 0.00)	(243.42, 120.34)	NaN	NaN	NaN	NaN	NaN	
684813809000	676857953062	None	Blink	(0.00, 0.00)	(243.42, 120.34)	NaN	NaN	NaN	NaN	NaN	
684830476000	676874620017	None	Blink	(0.00, 0.00)	(242.71, 120.56)	NaN	NaN	NaN	NaN	NaN	
684847142000	676891285472	None	Blink	(0.00, 0.00)	(253.31, 122.76)	NaN	NaN	NaN	NaN	NaN	
684880477000	676924620161	None	6	(0.00, 0.00)	(241.56, 120.61)	NaN	NaN	NaN	NaN	NaN	
684897144000	676941286626	None	6	(0.00, 0.00)	(234.62, 122.70)	NaN	NaN	NaN	NaN	NaN	
684913810000	676957952277	None	6	(0.00, 0.00)	(242.26, 120.90)	NaN	NaN	NaN	NaN	NaN	
684930475000	676974616980	None	6	(0.00, 0.00)	(241.53, 120.76)	NaN	NaN	NaN	NaN	NaN	
684947142000	676991283675	None	6	(0.00, 0.00)	(244.26, 120.22)	NaN	NaN	NaN	NaN	NaN	
684963808000	677007949404	None	6	(0.00, 0.00)	(243.93, 120.08)	NaN	NaN	NaN	NaN	NaN	
684980475000	677024616096	None	6	(0.00, 0.00)	(235.93, 122.17)	NaN	NaN	NaN	NaN	NaN	
684997141000	677041281806	None	6	(0.00, 0.00)	(242.75, 120.06)	NaN	NaN	NaN	NaN	NaN	
685013808000	677057948478	None	6	(0.00, 0.00)	(240.51, 121.49)	NaN	NaN	NaN	NaN	NaN	
685030475000	677074615173	None	6	(0.00, 0.00)	(241.85, 120.57)	NaN	NaN	NaN	NaN	NaN	
685047142000	677091281909	None	6	(0.00, 0.00)	(242.84, 120.52)	NaN	NaN	NaN	NaN	NaN	
685063808000	677107947662	None	Blink	(0.00, 0.00)	(242.72, 120.39)	NaN	NaN	NaN	NaN	NaN	
685080475000	677124614281	None	Blink	(0.00, 0.00)	(240.95, 121.23)	NaN	NaN	NaN	NaN	NaN	
685097141000	677141279973	None	Blink	(0.00, 0.00)	(242.85, 120.90)	NaN	NaN	NaN	NaN	NaN	
685113808000	677157946688	None	Blink	(0.00, 0.00)	(240.46, 121.25)	NaN	NaN	NaN	NaN	NaN	
685130471000	677174609574	None	Blink	(34.54, 186.29)	(239.52, 121.46)	NaN	NaN	NaN	NaN	NaN	
685147138000	677191276070	None	Blink	(26.60, 179.54)	(238.22, 121.89)	NaN	NaN	NaN	NaN	NaN	
685163805000	677207942848	None	Blink	(0.00, 0.00)	(238.61, 121.70)	NaN	NaN	NaN	NaN	NaN	
685180471000	677224608467	None	6	(0.00, 0.00)	(241.42, 120.82)	NaN	NaN	NaN	NaN	NaN	
685197140000	677241277217	None	6	(0.00, 0.00)	(243.24, 120.47)	NaN	NaN	NaN	NaN	NaN	
685213806000	677257942960	None	6	(0.00, 0.00)	(246.68, 119.88)	NaN	NaN	NaN	NaN	NaN	
685230471000	677274607598	None	6	(0.00, 0.00)	(241.83, 120.85)	NaN	NaN	NaN	NaN	NaN	
685230471000	677274607548	None	6	(0.00, 0.00)	(241.83, 120.85)	NaN	NaN	NaN	NaN	NaN	
685247138000	677291274277	None	6	(0.00, 0.00)	(0.00, 0.00)	NaN	NaN	NaN	NaN	NaN	
685263804000	677307940045	None	6	(0.00, 0.00)	(0.00, 0.00)	NaN	NaN	NaN	NaN	NaN	
685280471000	677324606852	None	6	(32.75, 182.92)	(0.00, 0.00)	NaN	NaN	NaN	NaN	NaN	
685313804000	677357939551	None	Blink	(0.00, 0.00)	(243.45, 120.43)	NaN	NaN	NaN	NaN	NaN	
685330472000	677374606800	None	Blink	(0.00, 0.00)	(0.00, 0.00)	NaN	NaN	NaN	NaN	NaN	
685347139000	677391273489	None	Blink	(0.00, 0.00)	(240.28, 121.43)	NaN	NaN	NaN	NaN	NaN	
685363802000	677407936251	None	Blink	(0.00, 0.00)	(0.00, 0.00)	NaN	NaN	NaN	NaN	NaN	
685380469000	677424602861	None	Blink	(0.00, 0.00)	(246.49, 119.67)	NaN	NaN	NaN	NaN	NaN	
685397135000	677441268577	None	Blink	(0.00, 0.00)	(0.00, 0.00)	NaN	NaN	NaN	NaN	NaN	
685413802000	677457935291	None	Blink	(0.00, 0.00)	(236.28, 122.35)	NaN	NaN	NaN	NaN	NaN	
685430470000	677474603016	None	Blink	(0.00, 0.00)	(237.07, 122.18)	NaN	NaN	NaN	NaN	NaN	
685447137000	677491269722	None	Blink	(0.00, 0.00)	(247.19, 119.30)	NaN	NaN	NaN	NaN	NaN	
685463804000	677507936463	None	Blink	(0.00, 0.00)	(234.79, 121.92)	NaN	NaN	NaN	NaN	NaN	
685480470000	677524602118	None	Blink	(0.00, 0.00)	(243.03, 121.08)	NaN	NaN	NaN	NaN	NaN	
685497135000	677541266795	None	Blink	(0.00, 0.00)	(241.09, 120.91)	NaN	NaN	NaN	NaN	NaN	
685513801000	677557932502	None	6	(0.00, 0.00)	(232.48, 122.91)	NaN	NaN	NaN	NaN	NaN	
685530468000	677574599199	None	6	(0.00, 0.00)	(240.76, 121.26)	NaN	NaN	NaN	NaN	NaN	
685547134000	677591264900	None	6	(0.00, 0.00)	(243.79, 120.49)	NaN	NaN	NaN	NaN	NaN	
685563801000	677607931678	None	6	(0.00, 0.00)	(243.09, 120.70)	NaN	NaN	NaN	NaN	NaN	
685580467000	677624597290	None	6	(0.00, 0.00)	(239.17, 121.46)	NaN	NaN	NaN	NaN	NaN	
685597136000	677641265990	None	6	(0.00, 0.00)	(241.19, 120.91)	NaN	NaN	NaN	NaN	NaN	
685613802000	677657931648	None	6	(0.00, 0.00)	(244.82, 120.32)	NaN	NaN	NaN	NaN	NaN	
685630469000	677674598387	None	6	(0.00, 0.00)	(244.56, 120.35)	NaN	NaN	NaN	NaN	NaN	
685630469000	677674598380	None	6	(0.00, 0.00)	(244.56, 120.35)	NaN	NaN	NaN	NaN	NaN	
685647135000	677691264099	None	6	(0.00, 0.00)	(244.08, 120.39)	NaN	NaN	NaN	NaN	NaN	
685663800000	677707928877	None	6	(0.00, 0.00)	(242.47, 120.47)	NaN	NaN	NaN	NaN	NaN	
685680467000	677724595514	None	Blink	(0.00, 0.00)	(249.06, 119.27)	NaN	NaN	NaN	NaN	NaN	
685697134000	677741262208	None	Blink	(0.00, 0.00)	(240.60, 120.93)	NaN	NaN	NaN	NaN	NaN	
685713801000	677757928911	None	Blink	(0.00, 0.00)	(242.23, 120.95)	NaN	NaN	NaN	NaN	NaN	
685730467000	677774594590	None	Blink	(0.00, 0.00)	(239.97, 121.56)	NaN	NaN	NaN	NaN	NaN	
685763799000	677807926385	None	Blink	(0.00, 0.00)	(244.46, 120.36)	NaN	NaN	NaN	NaN	NaN	
685780465000	677824591681	None	Blink	(0.00, 0.00)	(239.93, 121.30)	NaN	NaN	NaN	NaN	NaN	
685797132000	677841258401	None	6	(0.00, 0.00)	(242.56, 121.12)	NaN	NaN	NaN	NaN	NaN	
685813798000	677857924123	None	6	(0.00, 0.00)	(239.72, 121.11)	NaN	NaN	NaN	NaN	NaN	
685830464000	677874589799	None	6	(0.00, 0.00)	(243.02, 120.71)	NaN	NaN	NaN	NaN	NaN	
685847131000	677891256524	None	6	(0.00, 0.00)	(249.39, 119.18)	NaN	NaN	NaN	NaN	NaN	
685863800000	677907925215	None	6	(0.00, 0.00)	(243.46, 120.57)	NaN	NaN	NaN	NaN	NaN	
685880466000	677924590983	None	6	(0.00, 0.00)	(234.56, 122.85)	NaN	NaN	NaN	NaN	NaN	
685897133000	677941257615	None	6	(0.00, 0.00)	(233.51, 121.82)	NaN	NaN	NaN	NaN	NaN	
685913799000	677957923583	None	6	(0.00, 0.00)	(246.90, 120.00)	NaN	NaN	NaN	NaN	NaN	
685930464000	677974588028	None	6	(0.00, 0.00)	(248.12, 119.47)	NaN	NaN	NaN	NaN	NaN	
685947130000	677991253952	None	Blink	(0.00, 0.00)	(239.87, 121.33)	NaN	NaN	NaN	NaN	NaN	
685963797000	678007920423	None	Blink	(0.00, 0.00)	(231.86, 123.10)	NaN	NaN	NaN	NaN	NaN	
685980464000	678024587093	None	Blink	(0.00, 0.00)	(234.04, 122.19)	NaN	NaN	NaN	NaN	NaN	
685997130000	678041252792	None	Blink	(0.00, 0.00)	(239.59, 121.03)	NaN	NaN	NaN	NaN	NaN	
686013797000	678057919499	None	Blink	(0.00, 0.00)	(246.56, 119.66)	NaN	NaN	NaN	NaN	NaN	
686030462000	678074584194	None	Blink	(0.00, 0.00)	(241.14, 120.72)	NaN	NaN	NaN	NaN	NaN	
686047129000	678091250912	None	Blink	(0.00, 0.00)	(237.19, 121.18)	NaN	NaN	NaN	NaN	NaN	
686047129000	678091251070	None	Blink	(0.00, 0.00)	(237.19, 121.18)	NaN	NaN	NaN	NaN	NaN	
686063797000	678107918598	None	6	(0.00, 0.00)	(240.61, 120.82)	NaN	NaN	NaN	NaN	NaN	
686080464000	678124585308	None	6	(0.00, 0.00)	(251.27, 119.10)	NaN	NaN	NaN	NaN	NaN	
686097130000	678141251149	None	6	(0.00, 0.00)	(243.14, 120.74)	NaN	NaN	NaN	NaN	NaN	
686113797000	678157917894	None	6	(0.00, 0.00)	(246.30, 119.69)	NaN	NaN	NaN	NaN	NaN	
686130463000	678174583409	None	6	(0.00, 0.00)	(245.75, 120.07)	NaN	NaN	NaN	NaN	NaN	
686147130000	678191250118	None	6	(0.00, 0.00)	(243.54, 120.63)	NaN	NaN	NaN	NaN	NaN	
686163795000	678207914916	None	6	(0.00, 0.00)	(244.22, 120.63)	NaN	NaN	NaN	NaN	NaN	
686197129000	678241248475	None	Blink	(0.00, 0.00)	(244.31, 120.51)	NaN	NaN	NaN	NaN	NaN	
686213796000	678257914911	None	Blink	(0.00, 0.00)	(243.87, 120.18)	NaN	NaN	NaN	NaN	NaN	
686230461000	678274579635	None	Blink	(35.52, 184.98)	(242.61, 120.79)	NaN	NaN	NaN	NaN	NaN	
686247127000	678291245321	None	Blink	(0.00, 0.00)	(241.13, 121.13)	NaN	NaN	NaN	NaN	NaN	
686263794000	678307912008	None	Blink	(0.00, 0.00)	(246.30, 119.86)	NaN	NaN	NaN	NaN	NaN	
686280461000	678324578690	None	Blink	(0.00, 0.00)	(247.32, 119.47)	NaN	NaN	NaN	NaN	NaN	
686297127000	678341244405	None	6	(0.00, 0.00)	(241.67, 120.54)	NaN	NaN	NaN	NaN	NaN	
686313794000	678357911134	None	6	(0.00, 0.00)	(244.96, 120.22)	NaN	NaN	NaN	NaN	NaN	
686330462000	678374578845	None	6	(0.00, 0.00)	(245.34, 120.14)	NaN	NaN	NaN	NaN	NaN	
686347129000	678391245497	None	6	(28.36, 189.31)	(245.30, 119.81)	NaN	NaN	NaN	NaN	NaN	
686363793000	678407909367	None	6	(0.00, 0.00)	(244.46, 120.42)	NaN	NaN	NaN	NaN	NaN	
686380462000	678424578034	None	6	(0.00, 0.00)	(243.45, 120.63)	NaN	NaN	NaN	NaN	NaN	
686397127000	678441242909	None	6	(0.00, 0.00)	(246.02, 119.66)	NaN	NaN	NaN	NaN	NaN	
686413794000	678457909447	None	6	(0.00, 0.00)	(245.38, 120.13)	NaN	NaN	NaN	NaN	NaN	
686430460000	678474575019	None	6	(0.00, 0.00)	(245.14, 120.44)	NaN	NaN	NaN	NaN	NaN	
686447127000	678491241746	None	Blink	(0.00, 0.00)	(236.36, 121.88)	NaN	NaN	NaN	NaN	NaN	
686463792000	678507906405	None	Blink	(0.00, 0.00)	(242.23, 120.15)	NaN	NaN	NaN	NaN	NaN	
686463792000	678507906425	None	Blink	(0.00, 0.00)	(242.23, 120.15)	NaN	NaN	NaN	NaN	NaN	
686480458000	678524572144	None	Blink	(0.00, 0.00)	(242.60, 120.42)	NaN	NaN	NaN	NaN	NaN	
686497125000	678541238848	None	Blink	(0.00, 0.00)	(241.18, 120.85)	NaN	NaN	NaN	NaN	NaN	
686513791000	678557904510	None	Blink	(0.00, 0.00)	(243.06, 120.24)	NaN	NaN	NaN	NaN	NaN	
686530458000	678574571209	None	Blink	(0.00, 0.00)	(242.80, 120.81)	NaN	NaN	NaN	NaN	NaN	
686547124000	678591236950	None	Blink	(0.00, 0.00)	(243.22, 120.08)	NaN	NaN	NaN	NaN	NaN	
686563791000	678607903606	None	6	(0.00, 0.00)	(246.66, 119.66)	NaN	NaN	NaN	NaN	NaN	
686580457000	678624569340	None	6	(0.00, 0.00)	(245.31, 119.96)	NaN	NaN	NaN	NaN	NaN	
686597124000	678641236017	None	6	(0.00, 0.00)	(241.70, 120.55)	NaN	NaN	NaN	NaN	NaN	
686630459000	678674570438	None	6	(0.00, 0.00)	(259.25, 118.34)	NaN	NaN	NaN	NaN	NaN	
686647125000	678691236130	None	6	(0.00, 0.00)	(250.67, 118.62)	NaN	NaN	NaN	NaN	NaN	
686663792000	678707902813	None	6	(0.00, 0.00)	(246.55, 120.06)	NaN	NaN	NaN	NaN	NaN	
686680458000	678724568515	None	Blink	(0.00, 0.00)	(234.40, 122.29)	NaN	NaN	NaN	NaN	NaN	
686697125000	678741235227	None	Blink	(29.90, 178.24)	(239.01, 121.57)	NaN	NaN	NaN	NaN	NaN	
686713792000	678757901913	None	Blink	(23.20, 182.94)	(243.51, 120.51)	NaN	NaN	NaN	NaN	NaN	
686730457000	678774566640	None	Blink	(0.00, 0.00)	(0.00, 0.00)	NaN	NaN	NaN	NaN	NaN	
686747124000	678791233326	None	Blink	(41.94, 197.68)	(0.00, 0.00)	NaN	NaN	NaN	NaN	NaN	
686763788000	678807897118	None	Blink	(44.09, 197.38)	(0.00, 0.00)	NaN	NaN	NaN	NaN	NaN	
686780455000	678824563727	None	Blink	(46.23, 195.13)	(0.00, 0.00)	NaN	NaN	NaN	NaN	NaN	
686797123000	678841231434	None	Blink	(0.00, 0.00)	(0.00, 0.00)	NaN	NaN	NaN	NaN	NaN	
686813790000	678857898111	None	Blink	(0.00, 0.00)	(0.00, 0.00)	NaN	NaN	NaN	NaN	NaN	
686830456000	678874563827	None	Blink	(47.21, 191.89)	(0.00, 0.00)	NaN	NaN	NaN	NaN	NaN	
686847123000	678891230537	None	Blink	(47.36, 191.67)	(0.00, 0.00)	NaN	NaN	NaN	NaN	NaN	
686863789000	678907896210	None	Blink	(47.38, 191.66)	(309.60, 162.77)	NaN	NaN	NaN	NaN	NaN	
686880456000	678924562943	None	Blink	(53.21, 193.08)	(0.00, 0.00)	NaN	NaN	NaN	NaN	NaN	
686880456000	678924562931	None	Blink	(53.21, 193.08)	(0.00, 0.00)	NaN	NaN	NaN	NaN	NaN	
686897123000	678941229625	None	Blink	(50.52, 196.56)	(0.00, 0.00)	NaN	NaN	NaN	NaN	NaN	
686913789000	678957895335	None	Blink	(47.88, 190.58)	(0.00, 0.00)	NaN	NaN	NaN	NaN	NaN	
686930454000	678974560037	None	7	(46.97, 190.49)	(0.00, 0.00)	NaN	NaN	NaN	NaN	NaN	
686947120000	678991225744	None	7	(47.52, 190.41)	(0.00, 0.00)	NaN	NaN	NaN	NaN	NaN	
686963787000	679007892441	None	7	(52.64, 190.80)	(0.00, 0.00)	NaN	NaN	NaN	NaN	NaN	
686980454000	679024559120	None	7	(28.06, 181.05)	(0.00, 0.00)	NaN	NaN	NaN	NaN	NaN	
686997120000	679041224824	None	7	(0.00, 0.00)	(0.00, 0.00)	NaN	NaN	NaN	NaN	NaN	
687013787000	679057891573	None	7	(0.00, 0.00)	(245.92, 120.03)	NaN	NaN	NaN	NaN	NaN	
687030453000	679074557225	None	7	(0.00, 0.00)	(243.81, 120.45)	NaN	NaN	NaN	NaN	NaN	
687063785000	679107888652	None	Blink	(0.00, 0.00)	(246.41, 119.58)	NaN	NaN	NaN	NaN	NaN	
687080452000	679124555361	None	Blink	(0.00, 0.00)	(242.53, 120.54)	NaN	NaN	NaN	NaN	NaN	
687097118000	679141221062	None	Blink	(198.99, 202.40)	(239.58, 121.56)	NaN	NaN	NaN	NaN	NaN	
687113785000	679157887756	None	6	(0.00, 0.00)	(243.61, 120.24)	NaN	NaN	NaN	NaN	NaN	
687130453000	679174555427	None	6	(0.00, 0.00)	(243.31, 120.55)	NaN	NaN	NaN	NaN	NaN	
687147120000	679191222144	None	6	(0.00, 0.00)	(250.25, 119.00)	NaN	NaN	NaN	NaN	NaN	
687163784000	679207885825	None	6	(0.00, 0.00)	(244.70, 120.36)	NaN	NaN	NaN	NaN	NaN	
687180451000	679224552553	None	6	(0.00, 0.00)	(253.17, 118.72)	NaN	NaN	NaN	NaN	NaN	
687197119000	679241220269	None	6	(0.00, 0.00)	(247.28, 119.65)	NaN	NaN	NaN	NaN	NaN	
687213786000	679257886944	None	6	(0.00, 0.00)	(238.87, 121.22)	NaN	NaN	NaN	NaN	NaN	
687230453000	679274553644	None	6	(0.00, 0.00)	(244.96, 120.19)	NaN	NaN	NaN	NaN	NaN	
687247119000	679291219349	None	6	(0.00, 0.00)	(241.36, 121.02)	NaN	NaN	NaN	NaN	NaN	
687263784000	679307884047	None	6	(0.00, 0.00)	(248.39, 119.60)	NaN	NaN	NaN	NaN	NaN	
687280450000	679324549737	None	6	(0.00, 0.00)	(241.85, 120.87)	NaN	NaN	NaN	NaN	NaN	
687297119000	679341218439	None	Blink	(0.00, 0.00)	(243.30, 120.80)	NaN	NaN	NaN	NaN	NaN	
687297119000	679341218421	None	Blink	(0.00, 0.00)	(243.30, 120.80)	NaN	NaN	NaN	NaN	NaN	
687313784000	679357883162	None	Blink	(0.00, 0.00)	(246.05, 119.70)	NaN	NaN	NaN	NaN	NaN	
687330452000	679374551167	None	Blink	(0.00, 0.00)	(245.51, 119.77)	NaN	NaN	NaN	NaN	NaN	
687347117000	679391215663	None	Blink	(0.00, 0.00)	(239.71, 121.04)	NaN	NaN	NaN	NaN	NaN	
687363785000	679407883564	None	Blink	(0.00, 0.00)	(244.32, 120.54)	NaN	NaN	NaN	NaN	NaN	
687380451000	679424549028	None	Blink	(0.00, 0.00)	(242.15, 120.92)	NaN	NaN	NaN	NaN	NaN	
687397118000	679441215781	None	Blink	(0.00, 0.00)	(243.34, 120.65)	NaN	NaN	NaN	NaN	NaN	
687413785000	679457882337	None	6	(0.00, 0.00)	(247.83, 119.10)	NaN	NaN	NaN	NaN	NaN	
687430451000	679474548087	None	6	(0.00, 0.00)	(244.76, 120.23)	NaN	NaN	NaN	NaN	NaN	
687447118000	679491214747	None	6	(0.00, 0.00)	(241.71, 120.97)	NaN	NaN	NaN	NaN	NaN	
687463783000	679507879433	None	Blink	(0.00, 0.00)	(0.00, 0.00)	NaN	NaN	NaN	NaN	NaN	
687497116000	679541211856	None	Blink	(0.00, 0.00)	(240.68, 121.26)	NaN	NaN	NaN	NaN	NaN	
687513783000	679557878568	None	Blink	(0.00, 0.00)	(242.34, 120.59)	NaN	NaN	NaN	NaN	NaN	
687530448000	679574543288	None	Blink	(0.00, 0.00)	(242.56, 120.69)	NaN	NaN	NaN	NaN	NaN	
687547114000	679591208973	None	Blink	(0.00, 0.00)	(0.00, 0.00)	NaN	NaN	NaN	NaN	NaN	
687563783000	679607877652	None	Blink	(0.00, 0.00)	(247.46, 119.42)	NaN	NaN	NaN	NaN	NaN	
687580449000	679624543364	None	Blink	(39.93, 184.41)	(0.00, 0.00)	NaN	NaN	NaN	NaN	NaN	
687597114000	679641208067	None	Blink	(0.00, 0.00)	(0.00, 0.00)	NaN	NaN	NaN	NaN	NaN	
687613780000	679657873780	None	Blink	(47.84, 189.84)	(0.00, 0.00)	NaN	NaN	NaN	NaN	NaN	
687630449000	679674542452	None	Blink	(42.62, 180.82)	(0.00, 0.00)	NaN	NaN	NaN	NaN	NaN	
687647115000	679691208169	None	Blink	(51.21, 190.00)	(0.00, 0.00)	NaN	NaN	NaN	NaN	NaN	
687663780000	679707872854	None	Blink	(42.81, 182.18)	(0.00, 0.00)	NaN	NaN	NaN	NaN	NaN	
687680446000	679724538574	None	Blink	(0.00, 0.00)	(0.00, 0.00)	NaN	NaN	NaN	NaN	NaN	
687697112000	679741204271	None	Blink	(53.22, 188.52)	(0.00, 0.00)	NaN	NaN	NaN	NaN	NaN	
687713779000	679757870977	None	Blink	(0.00, 0.00)	(0.00, 0.00)	NaN	NaN	NaN	NaN	NaN	
687713779000	679757870962	None	Blink	(0.00, 0.00)	(0.00, 0.00)	NaN	NaN	NaN	NaN	NaN	
687730446000	679774537649	None	Blink	(50.01, 188.97)	(0.00, 0.00)	NaN	NaN	NaN	NaN	NaN	
687747113000	679791204765	None	Blink	(0.00, 0.00)	(0.00, 0.00)	NaN	NaN	NaN	NaN	NaN	
687763780000	679807871083	None	Blink	(0.00, 0.00)	(0.00, 0.00)	NaN	NaN	NaN	NaN	NaN	
687780447000	679824537775	None	Blink	(50.55, 186.98)	(0.00, 0.00)	NaN	NaN	NaN	NaN	NaN	
687797113000	679841203461	None	Blink	(0.00, 0.00)	(0.00, 0.00)	NaN	NaN	NaN	NaN	NaN	
687813780000	679857870171	None	Blink	(48.06, 185.46)	(0.00, 0.00)	NaN	NaN	NaN	NaN	NaN	
687830446000	679874535897	None	Blink	(49.44, 186.38)	(0.00, 0.00)	NaN	NaN	NaN	NaN	NaN	
687847113000	679891202605	None	Blink	(48.51, 185.66)	(0.00, 0.00)	NaN	NaN	NaN	NaN	NaN	
687863779000	679907868294	None	EyesClosed	(0.00, 0.00)	(0.00, 0.00)	NaN	NaN	NaN	NaN	NaN	
687880446000	679924534972	None	EyesClosed	(55.24, 189.05)	(0.00, 0.00)	NaN	NaN	NaN	NaN	NaN	
687897112000	679941200690	None	EyesClosed	(52.39, 187.21)	(0.00, 0.00)	NaN	NaN	NaN	NaN	NaN	
687930445000	679974533073	None	EyesClosed	(52.74, 186.97)	(0.00, 0.00)	NaN	NaN	NaN	NaN	NaN	
687947112000	679991199804	None	EyesClosed	(0.00, 0.00)	(0.00, 0.00)	NaN	NaN	NaN	NaN	NaN	
687963778000	680007865504	None	EyesClosed	(49.65, 185.23)	(242.33, 121.01)	NaN	NaN	NaN	NaN	NaN	
687997111000	680041198199	None	EyesClosed	(0.00, 0.00)	(240.16, 121.26)	NaN	NaN	NaN	NaN	NaN	
687997111000	680041197888	None	EyesClosed	(0.00, 0.00)	(240.16, 121.26)	NaN	NaN	NaN	NaN	NaN	
688030444000	680074530567	None	EyesClosed	(0.00, 0.00)	(234.94, 122.82)	NaN	NaN	NaN	NaN	NaN	
688030444000	680074530556	None	EyesClosed	(0.00, 0.00)	(234.94, 122.82)	NaN	NaN	NaN	NaN	NaN	
688047111000	680091196982	None	EyesClosed	(0.00, 0.00)	(235.27, 122.25)	NaN	NaN	NaN	NaN	NaN	
688063779000	680107864722	None	EyesClosed	(0.00, 0.00)	(246.70, 120.12)	NaN	NaN	NaN	NaN	NaN	
688080445000	680124530409	None	EyesClosed	(0.00, 0.00)	(245.26, 120.06)	NaN	NaN	NaN	NaN	NaN	
688097110000	680141195090	None	EyesClosed	(0.00, 0.00)	(245.53, 120.18)	NaN	NaN	NaN	NaN	NaN	
688113777000	680157861785	None	EyesClosed	(0.00, 0.00)	(240.80, 121.16)	NaN	NaN	NaN	NaN	NaN	
688130444000	680174528536	None	EyesClosed	(0.00, 0.00)	(244.03, 120.16)	NaN	NaN	NaN	NaN	NaN	
688130444000	680174528605	None	EyesClosed	(0.00, 0.00)	(244.03, 120.16)	NaN	NaN	NaN	NaN	NaN	
688147111000	680191195197	None	EyesClosed	(0.00, 0.00)	(238.36, 121.99)	NaN	NaN	NaN	NaN	NaN	
688163775000	680207858983	None	6	(0.00, 0.00)	(239.75, 121.32)	NaN	NaN	NaN	NaN	NaN	
688180442000	680224525931	None	6	(0.00, 0.00)	(237.31, 122.30)	NaN	NaN	NaN	NaN	NaN	
688197110000	680241193293	None	6	(0.00, 0.00)	(238.15, 121.64)	NaN	NaN	NaN	NaN	NaN	
688213777000	680257860046	None	Blink	(0.00, 0.00)	(239.96, 121.36)	NaN	NaN	NaN	NaN	NaN	
688230443000	680274525759	None	Blink	(0.00, 0.00)	(242.44, 120.88)	NaN	NaN	NaN	NaN	NaN	
688263775000	680307857416	None	Blink	(0.00, 0.00)	(242.67, 120.74)	NaN	NaN	NaN	NaN	NaN	
688280441000	680324523385	None	Blink	(0.00, 0.00)	(242.59, 120.56)	NaN	NaN	NaN	NaN	NaN	
688280441000	680324522856	None	Blink	(0.00, 0.00)	(242.59, 120.56)	NaN	NaN	NaN	NaN	NaN	
688313774000	680357855617	None	Blink	(0.00, 0.00)	(243.76, 120.30)	NaN	NaN	NaN	NaN	NaN	
688313774000	680357855230	None	Blink	(0.00, 0.00)	(243.76, 120.30)	NaN	NaN	NaN	NaN	NaN	
688330441000	680374522006	None	6	(0.00, 0.00)	(250.77, 118.82)	NaN	NaN	NaN	NaN	NaN	
688363776000	680407856337	None	6	(0.00, 0.00)	(242.13, 120.88)	NaN	NaN	NaN	NaN	NaN	
688380442000	680424522076	None	6	(0.00, 0.00)	(240.50, 120.99)	NaN	NaN	NaN	NaN	NaN	
688413775000	680457854757	None	Blink	(0.00, 0.00)	(242.74, 120.68)	NaN	NaN	NaN	NaN	NaN	
688413775000	680457854418	None	Blink	(0.00, 0.00)	(242.74, 120.68)	NaN	NaN	NaN	NaN	NaN	
688447108000	680491187129	None	Blink	(0.00, 0.00)	(246.90, 119.55)	NaN	NaN	NaN	NaN	NaN	
688447108000	680491186848	None	Blink	(0.00, 0.00)	(246.90, 119.55)	NaN	NaN	NaN	NaN	NaN	
688463773000	680507851524	None	Blink	(0.00, 0.00)	(237.28, 121.61)	NaN	NaN	NaN	NaN	NaN	
688480440000	680524518231	None	Blink	(0.00, 0.00)	(238.95, 121.82)	NaN	NaN	NaN	NaN	NaN	
688497105000	680541182929	None	Blink	(187.48, 213.77)	(242.25, 120.56)	NaN	NaN	NaN	NaN	NaN	
688513772000	680557849681	None	Blink	(0.00, 0.00)	(246.24, 119.81)	NaN	NaN	NaN	NaN	NaN	
688530438000	680574515330	None	6	(0.00, 0.00)	(242.62, 120.44)	NaN	NaN	NaN	NaN	NaN	
688530438000	680574515612	None	6	(0.00, 0.00)	(242.62, 120.44)	NaN	NaN	NaN	NaN	NaN	
688547105000	680591182047	None	6	(0.00, 0.00)	(243.52, 120.93)	NaN	NaN	NaN	NaN	NaN	
688563772000	680607848801	None	6	(0.00, 0.00)	(240.56, 120.89)	NaN	NaN	NaN	NaN	NaN	
688580438000	680624514443	None	6	(0.00, 0.00)	(238.44, 121.52)	NaN	NaN	NaN	NaN	NaN	
688597107000	680641183148	None	6	(0.00, 0.00)	(231.22, 123.50)	NaN	NaN	NaN	NaN	NaN	
688613773000	680657848873	None	6	(0.00, 0.00)	(249.28, 119.12)	NaN	NaN	NaN	NaN	NaN	
688630440000	680674515540	None	6	(0.00, 0.00)	(247.53, 119.38)	NaN	NaN	NaN	NaN	NaN	
688647106000	680691181245	None	6	(0.00, 0.00)	(241.56, 120.96)	NaN	NaN	NaN	NaN	NaN	
688663773000	680707848024	None	Blink	(0.00, 0.00)	(238.43, 121.32)	NaN	NaN	NaN	NaN	NaN	
688680439000	680724513659	None	Blink	(0.00, 0.00)	(249.92, 118.93)	NaN	NaN	NaN	NaN	NaN	
688697106000	680741180376	None	Blink	(0.00, 0.00)	(238.76, 121.10)	NaN	NaN	NaN	NaN	NaN	
688713772000	680757846062	None	Blink	(0.00, 0.00)	(248.03, 118.95)	NaN	NaN	NaN	NaN	NaN	
688747104000	680791177743	None	Blink	(0.00, 0.00)	(240.58, 121.14)	NaN	NaN	NaN	NaN	NaN	
688747104000	680791177464	None	Blink	(0.00, 0.00)	(240.58, 121.14)	NaN	NaN	NaN	NaN	NaN	
688763770000	680807843160	None	Blink	(0.00, 0.00)	(239.70, 121.20)	NaN	NaN	NaN	NaN	NaN	
688797103000	680841175619	None	6	(0.00, 0.00)	(243.31, 120.48)	NaN	NaN	NaN	NaN	NaN	
688830437000	680874509249	None	Blink	(0.00, 0.00)	(247.17, 119.93)	NaN	NaN	NaN	NaN	NaN	
688830437000	680874508963	None	Blink	(0.00, 0.00)	(247.17, 119.93)	NaN	NaN	NaN	NaN	NaN	
688847104000	680891175668	None	Blink	(0.00, 0.00)	(251.94, 119.20)	NaN	NaN	NaN	NaN	NaN	
688880437000	680924508373	None	Blink	(0.00, 0.00)	(238.34, 121.72)	NaN	NaN	NaN	NaN	NaN	
688897102000	680941173079	None	Blink	(0.00, 0.00)	(231.17, 123.17)	NaN	NaN	NaN	NaN	NaN	
688913768000	680957838777	None	Blink	(0.00, 0.00)	(243.70, 120.74)	NaN	NaN	NaN	NaN	NaN	
688930434000	680974504556	None	Blink	(0.00, 0.00)	(242.71, 120.44)	NaN	NaN	NaN	NaN	NaN	
688947101000	680991171165	None	Blink	(0.00, 0.00)	(237.91, 120.91)	NaN	NaN	NaN	NaN	NaN	
688963768000	681007837951	None	Blink	(0.00, 0.00)	(245.75, 119.99)	NaN	NaN	NaN	NaN	NaN	
688963768000	681007837927	None	Blink	(0.00, 0.00)	(245.75, 119.99)	NaN	NaN	NaN	NaN	NaN	
688980434000	681024503652	None	6	(0.00, 0.00)	(238.07, 121.70)	NaN	NaN	NaN	NaN	NaN	
688997101000	681041170259	None	6	(0.00, 0.00)	(238.51, 121.79)	NaN	NaN	NaN	NaN	NaN	
689013767000	681057836207	None	6	(0.00, 0.00)	(242.54, 120.38)	NaN	NaN	NaN	NaN	NaN	
689030434000	681074502673	None	6	(0.00, 0.00)	(245.05, 120.09)	NaN	NaN	NaN	NaN	NaN	
689047100000	681091168445	None	Blink	(0.00, 0.00)	(242.15, 120.74)	NaN	NaN	NaN	NaN	NaN	
689063767000	681107835082	None	Blink	(0.00, 0.00)	(236.36, 121.77)	NaN	NaN	NaN	NaN	NaN	
689080434000	681124501883	None	Blink	(0.00, 0.00)	(240.46, 121.16)	NaN	NaN	NaN	NaN	NaN	
689097102000	681141169565	None	Blink	(0.00, 0.00)	(244.95, 120.07)	NaN	NaN	NaN	NaN	NaN	
689113768000	681157835211	None	Blink	(0.00, 0.00)	(251.73, 118.61)	NaN	NaN	NaN	NaN	NaN	
689130435000	681174501896	None	Blink	(196.04, 204.50)	(243.57, 120.55)	NaN	NaN	NaN	NaN	NaN	
689147102000	681191168646	None	Blink	(185.28, 199.33)	(240.83, 120.78)	NaN	NaN	NaN	NaN	NaN	
689163768000	681207834508	None	6	(0.00, 0.00)	(243.58, 120.58)	NaN	NaN	NaN	NaN	NaN	
689180435000	681224501094	None	6	(0.00, 0.00)	(247.68, 120.15)	NaN	NaN	NaN	NaN	NaN	
689197101000	681241166715	None	6	(0.00, 0.00)	(240.88, 121.25)	NaN	NaN	NaN	NaN	NaN	
689213767000	681257832440	None	Blink	(0.00, 0.00)	(252.05, 118.71)	NaN	NaN	NaN	NaN	NaN	
689247098000	681291162819	None	Blink	(0.00, 0.00)	(231.71, 122.30)	NaN	NaN	NaN	NaN	NaN	
689263764000	681307828518	None	Blink	(0.00, 0.00)	(244.22, 120.31)	NaN	NaN	NaN	NaN	NaN	
689263764000	681307828229	None	Blink	(0.00, 0.00)	(244.22, 120.31)	NaN	NaN	NaN	NaN	NaN	
689297096000	681341159925	None	Blink	(0.00, 0.00)	(240.64, 121.21)	NaN	NaN	NaN	NaN	NaN	
689313763000	681357826612	None	Blink	(0.00, 0.00)	(244.00, 120.22)	NaN	NaN	NaN	NaN	NaN	
689313763000	681357826324	None	Blink	(0.00, 0.00)	(244.00, 120.22)	NaN	NaN	NaN	NaN	NaN	
689330432000	681374495021	None	6	(0.00, 0.00)	(246.65, 119.71)	NaN	NaN	NaN	NaN	NaN	
689347098000	681391160733	None	6	(0.00, 0.00)	(244.33, 120.24)	NaN	NaN	NaN	NaN	NaN	
689380431000	681424493439	None	6	(0.00, 0.00)	(243.70, 120.04)	NaN	NaN	NaN	NaN	NaN	
689380431000	681424493494	None	6	(0.00, 0.00)	(243.70, 120.04)	NaN	NaN	NaN	NaN	NaN	
689380431000	681424493356	None	6	(0.00, 0.00)	(243.70, 120.04)	NaN	NaN	NaN	NaN	NaN	
689397096000	681441157824	None	6	(0.00, 0.00)	(248.97, 118.99)	NaN	NaN	NaN	NaN	NaN	
689430431000	681474492531	None	6	(0.00, 0.00)	(240.39, 121.25)	NaN	NaN	NaN	NaN	NaN	
689430431000	681474492256	None	6	(0.00, 0.00)	(240.39, 121.25)	NaN	NaN	NaN	NaN	NaN	
689447097000	681491157933	None	6	(0.00, 0.00)	(243.48, 120.08)	NaN	NaN	NaN	NaN	NaN	
689463762000	681507822626	None	Blink	(0.00, 0.00)	(243.40, 120.67)	NaN	NaN	NaN	NaN	NaN	
689497095000	681541155324	None	Blink	(0.00, 0.00)	(243.74, 120.45)	NaN	NaN	NaN	NaN	NaN	
689497095000	681541155039	None	Blink	(0.00, 0.00)	(243.74, 120.45)	NaN	NaN	NaN	NaN	NaN	
689530428000	681574487814	None	Blink	(35.29, 181.98)	(245.63, 120.27)	NaN	NaN	NaN	NaN	NaN	
689547095000	681591154473	None	Blink	(44.32, 196.10)	(0.00, 0.00)	NaN	NaN	NaN	NaN	NaN	
689563760000	681607819169	None	Blink	(42.99, 197.07)	(0.00, 0.00)	NaN	NaN	NaN	NaN	NaN	
689580427000	681624485907	None	Blink	(35.12, 191.02)	(0.00, 0.00)	NaN	NaN	NaN	NaN	NaN	
689597095000	681641153553	None	Blink	(54.39, 197.72)	(0.00, 0.00)	NaN	NaN	NaN	NaN	NaN	
689613762000	681657820244	None	7	(47.73, 194.80)	(0.00, 0.00)	NaN	NaN	NaN	NaN	NaN	
689630428000	681674485936	None	7	(54.34, 194.47)	(0.00, 0.00)	NaN	NaN	NaN	NaN	NaN	
689647095000	681691152670	None	7	(54.71, 194.60)	(0.00, 0.00)	NaN	NaN	NaN	NaN	NaN	
689647095000	681691152350	None	7	(54.71, 194.60)	(0.00, 0.00)	NaN	NaN	NaN	NaN	NaN	
689680426000	681724482783	None	7	(49.51, 193.72)	(0.00, 0.00)	NaN	NaN	NaN	NaN	NaN	
689713759000	681757815454	None	7	(55.99, 193.72)	(0.00, 0.00)	NaN	NaN	NaN	NaN	NaN	
689730426000	681774482165	None	7	(46.52, 193.08)	(0.00, 0.00)	NaN	NaN	NaN	NaN	NaN	
689730426000	681774481928	None	7	(46.52, 193.08)	(0.00, 0.00)	NaN	NaN	NaN	NaN	NaN	
689763759000	681807814637	None	7	(52.54, 192.76)	(0.00, 0.00)	NaN	NaN	NaN	NaN	NaN	
689780425000	681824480347	None	7	(56.63, 193.67)	(0.00, 0.00)	NaN	NaN	NaN	NaN	NaN	
689797094000	681841148961	None	7	(46.13, 191.91)	(0.00, 0.00)	NaN	NaN	NaN	NaN	NaN	
689797094000	681841148938	None	7	(46.13, 191.91)	(0.00, 0.00)	NaN	NaN	NaN	NaN	NaN	
689813760000	681857814670	None	7	(55.91, 193.27)	(0.00, 0.00)	NaN	NaN	NaN	NaN	NaN	
689830427000	681874481551	None	7	(54.52, 192.03)	(0.00, 0.00)	NaN	NaN	NaN	NaN	NaN	
689847094000	681891148062	None	7	(0.00, 0.00)	(0.00, 0.00)	NaN	NaN	NaN	NaN	NaN	
689863759000	681907812770	None	7	(48.93, 191.26)	(0.00, 0.00)	NaN	NaN	NaN	NaN	NaN	
689863759000	681907812488	None	7	(48.93, 191.26)	(0.00, 0.00)	NaN	NaN	NaN	NaN	NaN	
689880426000	681924479906	None	7	(51.11, 190.93)	(0.00, 0.00)	NaN	NaN	NaN	NaN	NaN	
689913759000	681957811905	None	7	(0.00, 0.00)	(0.00, 0.00)	NaN	NaN	NaN	NaN	NaN	
689930423000	681974475683	None	7	(51.85, 190.98)	(0.00, 0.00)	NaN	NaN	NaN	NaN	NaN	
689947090000	681991142284	None	7	(50.59, 190.40)	(0.00, 0.00)	NaN	NaN	NaN	NaN	NaN	
689947090000	681991141994	None	7	(50.59, 190.40)	(0.00, 0.00)	NaN	NaN	NaN	NaN	NaN	
689980423000	682024474787	None	7	(46.40, 188.81)	(0.00, 0.00)	NaN	NaN	NaN	NaN	NaN	
689997090000	682041141380	None	7	(0.00, 0.00)	(0.00, 0.00)	NaN	NaN	NaN	NaN	NaN	
690013756000	682057807095	None	7	(0.00, 0.00)	(0.00, 0.00)	NaN	NaN	NaN	NaN	NaN	
690030423000	682074473795	None	7	(0.00, 0.00)	(245.10, 119.78)	NaN	NaN	NaN	NaN	NaN	
690047089000	682091139471	None	7	(0.00, 0.00)	(241.68, 120.98)	NaN	NaN	NaN	NaN	NaN	
690063758000	682107808184	None	Blink	(0.00, 0.00)	(242.85, 120.72)	NaN	NaN	NaN	NaN	NaN	
690080424000	682124473930	None	Blink	(0.00, 0.00)	(234.92, 121.80)	NaN	NaN	NaN	NaN	NaN	
690097091000	682141140605	None	Blink	(0.00, 0.00)	(253.05, 118.65)	NaN	NaN	NaN	NaN	NaN	
690130424000	682174473006	None	6	(0.00, 0.00)	(243.58, 120.93)	NaN	NaN	NaN	NaN	NaN	
690147090000	682191138727	None	6	(0.00, 0.00)	(240.92, 120.89)	NaN	NaN	NaN	NaN	NaN	
690163757000	682207805467	None	6	(0.00, 0.00)	(239.10, 120.88)	NaN	NaN	NaN	NaN	NaN	
690180423000	682224471222	None	6	(0.00, 0.00)	(248.99, 119.16)	NaN	NaN	NaN	NaN	NaN	
690197088000	682241135821	None	6	(0.00, 0.00)	(241.36, 121.00)	NaN	NaN	NaN	NaN	NaN	
690197088000	682241135885	None	6	(0.00, 0.00)	(241.36, 121.00)	NaN	NaN	NaN	NaN	NaN	
690213755000	682257802510	None	6	(0.00, 0.00)	(239.55, 121.40)	NaN	NaN	NaN	NaN	NaN	
690230421000	682274468210	None	Blink	(0.00, 0.00)	(240.19, 120.99)	NaN	NaN	NaN	NaN	NaN	
690247088000	682291134994	None	Blink	(0.00, 0.00)	(244.00, 120.46)	NaN	NaN	NaN	NaN	NaN	
690263755000	682307801619	None	Blink	(0.00, 0.00)	(244.44, 120.48)	NaN	NaN	NaN	NaN	NaN	
690280422000	682324468356	None	Blink	(0.00, 0.00)	(241.96, 120.65)	NaN	NaN	NaN	NaN	NaN	
690297086000	682341131993	None	Blink	(0.00, 0.00)	(246.15, 120.33)	NaN	NaN	NaN	NaN	NaN	
690313753000	682357798733	None	Blink	(0.00, 0.00)	(244.17, 120.13)	NaN	NaN	NaN	NaN	NaN	
690330421000	682374466415	None	Blink	(0.00, 0.00)	(244.05, 120.58)	NaN	NaN	NaN	NaN	NaN	
690347088000	682391133312	None	6	(0.00, 0.00)	(242.75, 120.94)	NaN	NaN	NaN	NaN	NaN	
690363754000	682407799172	None	6	(0.00, 0.00)	(242.49, 120.46)	NaN	NaN	NaN	NaN	NaN	
690380421000	682424465864	None	6	(32.85, 176.73)	(243.35, 120.62)	NaN	NaN	NaN	NaN	NaN	
690397088000	682441132455	None	6	(41.66, 186.83)	(245.34, 120.69)	NaN	NaN	NaN	NaN	NaN	
690413754000	682457797920	None	6	(39.84, 184.52)	(0.00, 0.00)	NaN	NaN	NaN	NaN	NaN	
690430421000	682474464736	None	6	(45.17, 186.07)	(0.00, 0.00)	NaN	NaN	NaN	NaN	NaN	
690447087000	682491130367	None	6	(0.00, 0.00)	(242.70, 120.82)	NaN	NaN	NaN	NaN	NaN	
690447087000	682491130258	None	6	(0.00, 0.00)	(242.70, 120.82)	NaN	NaN	NaN	NaN	NaN	
690480418000	682524461010	None	Blink	(0.00, 0.00)	(0.00, 0.00)	NaN	NaN	NaN	NaN	NaN	
690497085000	682541127662	None	Blink	(0.00, 0.00)	(241.11, 121.43)	NaN	NaN	NaN	NaN	NaN	
690513752000	682557794347	None	Blink	(28.28, 182.11)	(244.02, 120.08)	NaN	NaN	NaN	NaN	NaN	
690530418000	682574460113	None	Blink	(0.00, 0.00)	(240.33, 121.42)	NaN	NaN	NaN	NaN	NaN	
690563751000	682607792313	None	Blink	(40.69, 184.19)	(0.00, 0.00)	NaN	NaN	NaN	NaN	NaN	
690580418000	682624459017	None	Blink	(43.27, 185.10)	(242.59, 121.06)	NaN	NaN	NaN	NaN	NaN	
690597085000	682641125660	None	Blink	(0.00, 0.00)	(0.00, 0.00)	NaN	NaN	NaN	NaN	NaN	
690613752000	682657792391	None	Blink	(32.70, 176.49)	(0.00, 0.00)	NaN	NaN	NaN	NaN	NaN	
690630418000	682674458183	None	Blink	(32.68, 184.59)	(0.00, 0.00)	NaN	NaN	NaN	NaN	NaN	
690630418000	682674458128	None	Blink	(32.68, 184.59)	(0.00, 0.00)	NaN	NaN	NaN	NaN	NaN	
690647085000	682691124750	None	Blink	(0.00, 0.00)	(0.00, 0.00)	NaN	NaN	NaN	NaN	NaN	
690663749000	682707788474	None	Blink	(29.50, 179.67)	(0.00, 0.00)	NaN	NaN	NaN	NaN	NaN	
690680416000	682724455173	None	Blink	(41.35, 185.19)	(0.00, 0.00)	NaN	NaN	NaN	NaN	NaN	
690697084000	682741122884	None	Blink	(28.01, 182.45)	(0.00, 0.00)	NaN	NaN	NaN	NaN	NaN	
690713750000	682757788613	None	Blink	(47.27, 188.37)	(243.24, 120.63)	NaN	NaN	NaN	NaN	NaN	
690730416000	682774454376	None	Blink	(46.41, 186.90)	(0.00, 0.00)	NaN	NaN	NaN	NaN	NaN	
690747082000	682791120090	None	Blink	(42.55, 185.67)	(0.00, 0.00)	NaN	NaN	NaN	NaN	NaN	
690763749000	682807786698	None	7	(33.61, 182.91)	(0.00, 0.00)	NaN	NaN	NaN	NaN	NaN	
690780415000	682824452400	None	7	(0.00, 0.00)	(0.00, 0.00)	NaN	NaN	NaN	NaN	NaN	
690797082000	682841119149	None	7	(0.00, 0.00)	(0.00, 0.00)	NaN	NaN	NaN	NaN	NaN	
690813750000	682857786791	None	Blink	(0.00, 0.00)	(242.85, 120.75)	NaN	NaN	NaN	NaN	NaN	
690830417000	682874453570	None	Blink	(0.00, 0.00)	(245.71, 120.11)	NaN	NaN	NaN	NaN	NaN	
690847083000	682891119219	None	Blink	(0.00, 0.00)	(232.85, 122.49)	NaN	NaN	NaN	NaN	NaN	
690863750000	682907785917	None	Blink	(0.00, 0.00)	(238.00, 121.66)	NaN	NaN	NaN	NaN	NaN	
690880416000	682924451679	None	Blink	(0.00, 0.00)	(241.73, 121.18)	NaN	NaN	NaN	NaN	NaN	
690897081000	682941116310	None	Blink	(0.00, 0.00)	(246.49, 120.20)	NaN	NaN	NaN	NaN	NaN	
690913748000	682957783048	None	6	(0.00, 0.00)	(244.86, 120.41)	NaN	NaN	NaN	NaN	NaN	
690930414000	682974448739	None	6	(0.00, 0.00)	(240.61, 121.56)	NaN	NaN	NaN	NaN	NaN	
690947081000	682991115444	None	6	(0.00, 0.00)	(243.69, 120.78)	NaN	NaN	NaN	NaN	NaN	
690963746000	683007780190	None	6	(0.00, 0.00)	(237.18, 122.24)	NaN	NaN	NaN	NaN	NaN	
690997079000	683041112594	None	Blink	(0.00, 0.00)	(245.28, 120.30)	NaN	NaN	NaN	NaN	NaN	
691013746000	683057779309	None	Blink	(0.00, 0.00)	(241.44, 121.38)	NaN	NaN	NaN	NaN	NaN	
691030412000	683074444924	None	Blink	(0.00, 0.00)	(240.49, 121.64)	NaN	NaN	NaN	NaN	NaN	
691030412000	683074444926	None	Blink	(0.00, 0.00)	(240.49, 121.64)	NaN	NaN	NaN	NaN	NaN	
691047079000	683091111648	None	Blink	(0.00, 0.00)	(242.18, 121.22)	NaN	NaN	NaN	NaN	NaN	
691063746000	683107778337	None	Blink	(0.00, 0.00)	(243.23, 120.93)	NaN	NaN	NaN	NaN	NaN	
691080412000	683124444126	None	Blink	(0.00, 0.00)	(240.30, 121.21)	NaN	NaN	NaN	NaN	NaN	
691097080000	683141111744	None	6	(0.00, 0.00)	(244.64, 120.53)	NaN	NaN	NaN	NaN	NaN	
691113747000	683157778484	None	6	(0.00, 0.00)	(240.48, 121.15)	NaN	NaN	NaN	NaN	NaN	
691130414000	683174445193	None	6	(0.00, 0.00)	(240.29, 121.55)	NaN	NaN	NaN	NaN	NaN	
691147080000	683191110877	None	6	(0.00, 0.00)	(246.07, 120.26)	NaN	NaN	NaN	NaN	NaN	
691163745000	683207775653	None	6	(0.00, 0.00)	(233.63, 123.27)	NaN	NaN	NaN	NaN	NaN	
691180411000	683224441303	None	6	(0.00, 0.00)	(242.10, 121.12)	NaN	NaN	NaN	NaN	NaN	
691197080000	683241110033	None	6	(0.00, 0.00)	(244.06, 120.49)	NaN	NaN	NaN	NaN	NaN	
691213746000	683257775670	None	6	(19.68, 193.62)	(238.94, 122.19)	NaN	NaN	NaN	NaN	NaN	
691230411000	683274440356	None	6	(0.00, 0.00)	(235.29, 122.54)	NaN	NaN	NaN	NaN	NaN	
691247078000	683291107057	None	6	(28.35, 181.35)	(0.00, 0.00)	NaN	NaN	NaN	NaN	NaN	
691263744000	683307772801	None	6	(0.00, 0.00)	(240.52, 121.48)	NaN	NaN	NaN	NaN	NaN	
691280411000	683324439470	None	6	(0.00, 0.00)	(248.52, 119.60)	NaN	NaN	NaN	NaN	NaN	
691297077000	683341105174	None	6	(0.00, 0.00)	(236.90, 122.31)	NaN	NaN	NaN	NaN	NaN	
691313744000	683357772077	None	6	(0.00, 0.00)	(246.67, 119.73)	NaN	NaN	NaN	NaN	NaN	
691330410000	683374437569	None	6	(41.12, 171.58)	(245.15, 120.37)	NaN	NaN	NaN	NaN	NaN	
691347077000	683391104263	None	6	(0.00, 0.00)	(0.00, 0.00)	NaN	NaN	NaN	NaN	NaN	
691363744000	683407770978	None	6	(28.80, 180.18)	(238.69, 121.75)	NaN	NaN	NaN	NaN	NaN	
691380411000	683424437748	None	6	(0.00, 0.00)	(233.33, 124.16)	NaN	NaN	NaN	NaN	NaN	
691397075000	683441101423	None	6	(0.00, 0.00)	(238.76, 122.17)	NaN	NaN	NaN	NaN	NaN	
691430410000	683474435753	None	6	(0.00, 0.00)	(233.59, 123.56)	NaN	NaN	NaN	NaN	NaN	
691447077000	683491102521	None	6	(35.08, 181.23)	(0.00, 0.00)	NaN	NaN	NaN	NaN	NaN	
691463742000	683507767204	None	6	(0.00, 0.00)	(242.54, 120.88)	NaN	NaN	NaN	NaN	NaN	
691463742000	683507767306	None	6	(0.00, 0.00)	(242.54, 120.88)	NaN	NaN	NaN	NaN	NaN	
691480408000	683524433016	None	6	(38.27, 179.54)	(243.10, 120.74)	NaN	NaN	NaN	NaN	NaN	
691497075000	683541099590	None	6	(47.59, 192.72)	(244.67, 120.78)	NaN	NaN	NaN	NaN	NaN	
691513741000	683557765346	None	6	(42.97, 191.09)	(0.00, 0.00)	NaN	NaN	NaN	NaN	NaN	
691530408000	683574432067	None	6	(0.00, 0.00)	(0.00, 0.00)	NaN	NaN	NaN	NaN	NaN	
691547074000	683591097919	None	6	(49.17, 193.45)	(0.00, 0.00)	NaN	NaN	NaN	NaN	NaN	
691563741000	683607764428	None	6	(0.00, 0.00)	(0.00, 0.00)	NaN	NaN	NaN	NaN	NaN	
691580407000	683624430102	None	6	(64.64, 199.56)	(0.00, 0.00)	NaN	NaN	NaN	NaN	NaN	
691597076000	683641098841	None	6	(0.00, 0.00)	(0.00, 0.00)	NaN	NaN	NaN	NaN	NaN	
691613742000	683657764576	None	Blink	(52.66, 193.33)	(0.00, 0.00)	NaN	NaN	NaN	NaN	NaN	
691630409000	683674431330	None	Blink	(0.00, 0.00)	(0.00, 0.00)	NaN	NaN	NaN	NaN	NaN	
691647076000	683691097899	None	Blink	(49.91, 192.72)	(0.00, 0.00)	NaN	NaN	NaN	NaN	NaN	
691663740000	683707761612	None	Blink	(50.03, 192.08)	(0.00, 0.00)	NaN	NaN	NaN	NaN	NaN	
691680407000	683724428418	None	Blink	(50.36, 191.89)	(0.00, 0.00)	NaN	NaN	NaN	NaN	NaN	
691697074000	683741095007	None	Blink	(46.76, 191.81)	(0.00, 0.00)	NaN	NaN	NaN	NaN	NaN	
691713741000	683757761723	None	Blink	(0.00, 0.00)	(0.00, 0.00)	NaN	NaN	NaN	NaN	NaN	
691730407000	683774427452	None	Blink	(37.36, 183.71)	(0.00, 0.00)	NaN	NaN	NaN	NaN	NaN	
691747074000	683791094125	None	Blink	(43.44, 183.29)	(0.00, 0.00)	NaN	NaN	NaN	NaN	NaN	
691763739000	683807758840	None	Blink	(0.00, 0.00)	(0.00, 0.00)	NaN	NaN	NaN	NaN	NaN	
691780405000	683824424528	None	Blink	(0.00, 0.00)	(0.00, 0.00)	NaN	NaN	NaN	NaN	NaN	
691797072000	683841091283	None	Blink	(0.00, 0.00)	(0.00, 0.00)	NaN	NaN	NaN	NaN	NaN	
691813738000	683857756941	None	Blink	(0.00, 0.00)	(243.78, 120.69)	NaN	NaN	NaN	NaN	NaN	
691830407000	683874425729	None	Blink	(0.00, 0.00)	(0.00, 0.00)	NaN	NaN	NaN	NaN	NaN	
691863740000	683907758068	None	Blink	(0.00, 0.00)	(0.00, 0.00)	NaN	NaN	NaN	NaN	NaN	
691863740000	683907758046	None	Blink	(0.00, 0.00)	(0.00, 0.00)	NaN	NaN	NaN	NaN	NaN	
691880406000	683924423883	None	Blink	(0.00, 0.00)	(0.00, 0.00)	NaN	NaN	NaN	NaN	NaN	
691897073000	683941090453	None	Blink	(0.00, 0.00)	(243.76, 120.80)	NaN	NaN	NaN	NaN	NaN	
691913739000	683957756176	None	Blink	(0.00, 0.00)	(240.13, 121.45)	NaN	NaN	NaN	NaN	NaN	
691930406000	683974422934	None	Blink	(0.00, 0.00)	(0.00, 0.00)	NaN	NaN	NaN	NaN	NaN	
691947072000	683991088657	None	Blink	(34.19, 184.38)	(0.00, 0.00)	NaN	NaN	NaN	NaN	NaN	
691963737000	684007753298	None	Blink	(35.77, 181.87)	(0.00, 0.00)	NaN	NaN	NaN	NaN	NaN	
691980404000	684024419932	None	Blink	(34.86, 182.84)	(0.00, 0.00)	NaN	NaN	NaN	NaN	NaN	
691997070000	684041085643	None	Blink	(0.00, 0.00)	(0.00, 0.00)	NaN	NaN	NaN	NaN	NaN	
692013737000	684057752375	None	EyesClosed	(41.14, 187.25)	(0.00, 0.00)	NaN	NaN	NaN	NaN	NaN	
692030403000	684074418069	None	EyesClosed	(38.48, 183.25)	(0.00, 0.00)	NaN	NaN	NaN	NaN	NaN	
692047070000	684091084876	None	EyesClosed	(43.20, 181.11)	(0.00, 0.00)	NaN	NaN	NaN	NaN	NaN	
692063737000	684107751498	None	EyesClosed	(0.00, 0.00)	(0.00, 0.00)	NaN	NaN	NaN	NaN	NaN	
692080404000	684124418275	None	EyesClosed	(47.36, 190.71)	(0.00, 0.00)	NaN	NaN	NaN	NaN	NaN	
692097069000	684141082894	None	EyesClosed	(36.95, 175.74)	(0.00, 0.00)	NaN	NaN	NaN	NaN	NaN	
692113736000	684157749597	None	EyesClosed	(0.00, 0.00)	(0.00, 0.00)	NaN	NaN	NaN	NaN	NaN	
692130404000	684174417294	None	EyesClosed	(48.78, 185.80)	(0.00, 0.00)	NaN	NaN	NaN	NaN	NaN	
692147070000	684191083304	None	EyesClosed	(59.67, 200.06)	(0.00, 0.00)	NaN	NaN	NaN	NaN	NaN	
692163737000	684207749733	None	EyesClosed	(61.79, 200.77)	(0.00, 0.00)	NaN	NaN	NaN	NaN	NaN	
692180404000	684224416452	None	EyesClosed	(58.44, 199.28)	(0.00, 0.00)	NaN	NaN	NaN	NaN	NaN	
692197068000	684241080091	None	EyesClosed	(67.92, 201.08)	(0.00, 0.00)	NaN	NaN	NaN	NaN	NaN	
692213735000	684257746821	None	EyesClosed	(68.25, 200.97)	(0.00, 0.00)	NaN	NaN	NaN	NaN	NaN	
692230402000	684274413505	None	7	(62.18, 186.42)	(0.00, 0.00)	NaN	NaN	NaN	NaN	NaN	
692247068000	684291079327	None	7	(68.14, 199.99)	(0.00, 0.00)	NaN	NaN	NaN	NaN	NaN	
692263735000	684307745884	None	7	(65.33, 198.43)	(0.00, 0.00)	NaN	NaN	NaN	NaN	NaN	
692280401000	684324411620	None	7	(64.45, 197.41)	(0.00, 0.00)	NaN	NaN	NaN	NaN	NaN	
692297068000	684341078383	None	7	(66.83, 199.03)	(0.00, 0.00)	NaN	NaN	NaN	NaN	NaN	
692313735000	684357745037	None	7	(62.88, 196.48)	(0.00, 0.00)	NaN	NaN	NaN	NaN	NaN	
692330401000	684374410809	None	7	(60.52, 194.96)	(0.00, 0.00)	NaN	NaN	NaN	NaN	NaN	
692347069000	684391078496	None	7	(60.24, 193.29)	(0.00, 0.00)	NaN	NaN	NaN	NaN	NaN	
692363736000	684407745161	None	7	(53.22, 196.91)	(0.00, 0.00)	NaN	NaN	NaN	NaN	NaN	
692380403000	684424411822	None	7	(55.87, 195.56)	(0.00, 0.00)	NaN	NaN	NaN	NaN	NaN	
692397069000	684441077539	None	7	(60.65, 193.76)	(0.00, 0.00)	NaN	NaN	NaN	NaN	NaN	
692413736000	684457744335	None	7	(60.52, 193.60)	(0.00, 0.00)	NaN	NaN	NaN	NaN	NaN	
692430399000	684474406940	None	7	(60.85, 193.57)	(0.00, 0.00)	NaN	NaN	NaN	NaN	NaN	
692447066000	684491073725	None	7	(50.48, 192.17)	(0.00, 0.00)	NaN	NaN	NaN	NaN	NaN	
692463732000	684507739346	None	7	(60.85, 193.32)	(0.00, 0.00)	NaN	NaN	NaN	NaN	NaN	
692480399000	684524406136	None	7	(59.63, 190.27)	(0.00, 0.00)	NaN	NaN	NaN	NaN	NaN	
692497066000	684541072769	None	7	(49.77, 184.52)	(0.00, 0.00)	NaN	NaN	NaN	NaN	NaN	
692513732000	684557738497	None	7	(60.25, 191.38)	(0.00, 0.00)	NaN	NaN	NaN	NaN	NaN	
692530399000	684574405192	None	7	(0.00, 0.00)	(0.00, 0.00)	NaN	NaN	NaN	NaN	NaN	
692547065000	684591070856	None	7	(27.94, 182.37)	(240.45, 121.61)	NaN	NaN	NaN	NaN	NaN	
692563732000	684607737562	None	7	(0.00, 0.00)	(235.77, 122.97)	NaN	NaN	NaN	NaN	NaN	
692580398000	684624403295	None	7	(0.00, 0.00)	(243.59, 121.13)	NaN	NaN	NaN	NaN	NaN	
692597067000	684641072019	None	7	(0.00, 0.00)	(234.49, 123.23)	NaN	NaN	NaN	NaN	NaN	
692597067000	684641071672	None	7	(0.00, 0.00)	(234.49, 123.23)	NaN	NaN	NaN	NaN	NaN	
692630400000	684674404437	None	Blink	(0.00, 0.00)	(243.76, 120.88)	NaN	NaN	NaN	NaN	NaN	
692647066000	684691070085	None	6	(0.00, 0.00)	(240.38, 121.57)	NaN	NaN	NaN	NaN	NaN	
692663733000	684707736816	None	6	(0.00, 0.00)	(242.81, 121.08)	NaN	NaN	NaN	NaN	NaN	
692680399000	684724402527	None	6	(0.00, 0.00)	(239.60, 121.16)	NaN	NaN	NaN	NaN	NaN	
692697064000	684741067287	None	6	(0.00, 0.00)	(225.44, 124.65)	NaN	NaN	NaN	NaN	NaN	
692713732000	684757734909	None	6	(0.00, 0.00)	(238.24, 121.95)	NaN	NaN	NaN	NaN	NaN	
692730397000	684774399655	None	6	(0.00, 0.00)	(242.96, 121.04)	NaN	NaN	NaN	NaN	NaN	
692747064000	684791066412	None	Blink	(0.00, 0.00)	(245.26, 120.56)	NaN	NaN	NaN	NaN	NaN	
692763729000	684807731326	None	Blink	(0.00, 0.00)	(238.28, 122.04)	NaN	NaN	NaN	NaN	NaN	
692780396000	684824397765	None	Blink	(0.00, 0.00)	(238.20, 121.75)	NaN	NaN	NaN	NaN	NaN	
692797064000	684841065407	None	Blink	(0.00, 0.00)	(244.01, 120.63)	NaN	NaN	NaN	NaN	NaN	
692813731000	684857732135	None	Blink	(0.00, 0.00)	(235.69, 122.49)	NaN	NaN	NaN	NaN	NaN	
692830397000	684874397900	None	Blink	(0.00, 0.00)	(246.89, 120.05)	NaN	NaN	NaN	NaN	NaN	
692847064000	684891064532	None	Blink	(0.00, 0.00)	(249.53, 119.43)	NaN	NaN	NaN	NaN	NaN	
692863730000	684907730242	None	6	(0.00, 0.00)	(240.24, 120.81)	NaN	NaN	NaN	NaN	NaN	
692880397000	684924396986	None	6	(0.00, 0.00)	(248.34, 119.73)	NaN	NaN	NaN	NaN	NaN	
692897063000	684941062746	None	6	(0.00, 0.00)	(246.78, 120.06)	NaN	NaN	NaN	NaN	NaN	
692913730000	684957729330	None	6	(0.00, 0.00)	(245.28, 119.84)	NaN	NaN	NaN	NaN	NaN	
692930396000	684974395093	None	6	(0.00, 0.00)	(242.26, 121.25)	NaN	NaN	NaN	NaN	NaN	
692947063000	684991061743	None	6	(0.00, 0.00)	(246.33, 120.68)	NaN	NaN	NaN	NaN	NaN	
692963728000	685007726465	None	6	(26.90, 189.78)	(252.65, 119.17)	NaN	NaN	NaN	NaN	NaN	
692980394000	685024392221	None	6	(0.00, 0.00)	(250.60, 119.32)	NaN	NaN	NaN	NaN	NaN	
692997061000	685041058856	None	6	(0.00, 0.00)	(242.69, 120.89)	NaN	NaN	NaN	NaN	NaN	
693013727000	685057724574	None	Blink	(0.00, 0.00)	(241.64, 121.29)	NaN	NaN	NaN	NaN	NaN	
693030394000	685074391260	None	Blink	(21.21, 188.10)	(250.58, 119.46)	NaN	NaN	NaN	NaN	NaN	
693047061000	685091058046	None	Blink	(0.00, 0.00)	(242.81, 121.07)	NaN	NaN	NaN	NaN	NaN	
693063727000	685107723661	None	Blink	(0.00, 0.00)	(241.08, 121.80)	NaN	NaN	NaN	NaN	NaN	
693080394000	685124390482	None	Blink	(0.00, 0.00)	(246.20, 120.47)	NaN	NaN	NaN	NaN	NaN	
693097062000	685141058142	None	Blink	(0.00, 0.00)	(240.85, 121.42)	NaN	NaN	NaN	NaN	NaN	
693097062000	685141058798	None	Blink	(0.00, 0.00)	(240.85, 121.42)	NaN	NaN	NaN	NaN	NaN	
693113729000	685157724911	None	Blink	(0.00, 0.00)	(247.64, 120.01)	NaN	NaN	NaN	NaN	NaN	
693147062000	685191057299	None	6	(0.00, 0.00)	(244.33, 120.62)	NaN	NaN	NaN	NaN	NaN	
693163727000	685207721939	None	6	(0.00, 0.00)	(237.87, 121.78)	NaN	NaN	NaN	NaN	NaN	
693180394000	685224388752	None	6	(0.00, 0.00)	(245.97, 120.41)	NaN	NaN	NaN	NaN	NaN	
693197060000	685241054322	None	6	(0.00, 0.00)	(249.62, 119.16)	NaN	NaN	NaN	NaN	NaN	
693213727000	685257721041	None	Blink	(25.50, 181.56)	(243.14, 120.90)	NaN	NaN	NaN	NaN	NaN	
693230392000	685274385731	None	Blink	(0.00, 0.00)	(240.45, 121.75)	NaN	NaN	NaN	NaN	NaN	
693247058000	685291051400	None	Blink	(0.00, 0.00)	(243.17, 120.94)	NaN	NaN	NaN	NaN	NaN	
693263727000	685307720215	None	Blink	(21.10, 184.64)	(247.30, 120.03)	NaN	NaN	NaN	NaN	NaN	
693280393000	685324385800	None	Blink	(0.00, 0.00)	(248.57, 119.79)	NaN	NaN	NaN	NaN	NaN	
693297058000	685341050547	None	Blink	(0.00, 0.00)	(240.88, 121.43)	NaN	NaN	NaN	NaN	NaN	
693313724000	685357716197	None	Blink	(0.00, 0.00)	(239.50, 121.85)	NaN	NaN	NaN	NaN	NaN	
693330391000	685374382944	None	6	(0.00, 0.00)	(240.42, 121.44)	NaN	NaN	NaN	NaN	NaN	
693347057000	685391048635	None	6	(0.00, 0.00)	(244.61, 120.88)	NaN	NaN	NaN	NaN	NaN	
693363726000	685407717315	None	6	(0.00, 0.00)	(244.15, 120.89)	NaN	NaN	NaN	NaN	NaN	
693380390000	685424381038	None	6	(20.99, 186.50)	(240.49, 121.62)	NaN	NaN	NaN	NaN	NaN	
693397059000	685441049721	None	Blink	(32.45, 187.01)	(243.67, 120.69)	NaN	NaN	NaN	NaN	NaN	
693413725000	685457715417	None	Blink	(43.09, 184.65)	(239.51, 121.83)	NaN	NaN	NaN	NaN	NaN	
693430390000	685474380199	None	Blink	(0.00, 0.00)	(239.69, 121.80)	NaN	NaN	NaN	NaN	NaN	
693447056000	685491045887	None	Blink	(36.23, 185.61)	(237.79, 122.27)	NaN	NaN	NaN	NaN	NaN	
693463722000	685507711613	None	Blink	(0.00, 0.00)	(243.33, 120.86)	NaN	NaN	NaN	NaN	NaN	
693480389000	685524378314	None	Blink	(0.00, 0.00)	(241.42, 121.51)	NaN	NaN	NaN	NaN	NaN	
693497055000	685541043942	None	Blink	(31.43, 184.34)	(244.41, 120.66)	NaN	NaN	NaN	NaN	NaN	
693513722000	685557710675	None	6	(30.15, 179.33)	(240.18, 121.45)	NaN	NaN	NaN	NaN	NaN	
693513722000	685557710683	None	6	(30.15, 179.33)	(240.18, 121.45)	NaN	NaN	NaN	NaN	NaN	
693530388000	685574376429	None	6	(0.00, 0.00)	(0.00, 0.00)	NaN	NaN	NaN	NaN	NaN	
693547055000	685591043242	None	6	(0.00, 0.00)	(241.77, 121.47)	NaN	NaN	NaN	NaN	NaN	
693563720000	685607707858	None	6	(36.51, 179.81)	(0.00, 0.00)	NaN	NaN	NaN	NaN	NaN	
693597055000	685641042199	None	6	(0.00, 0.00)	(0.00, 0.00)	NaN	NaN	NaN	NaN	NaN	
693613722000	685657708891	None	6	(36.65, 178.25)	(246.27, 120.28)	NaN	NaN	NaN	NaN	NaN	
693630388000	685674374813	None	6	(38.86, 183.60)	(243.76, 121.12)	NaN	NaN	NaN	NaN	NaN	
693647055000	685691041339	None	6	(34.14, 178.79)	(243.57, 121.42)	NaN	NaN	NaN	NaN	NaN	
693663722000	685707708029	None	6	(39.58, 193.00)	(0.00, 0.00)	NaN	NaN	NaN	NaN	NaN	
693680388000	685724373776	None	6	(0.00, 0.00)	(0.00, 0.00)	NaN	NaN	NaN	NaN	NaN	
693697052000	685741037401	None	6	(34.64, 182.82)	(0.00, 0.00)	NaN	NaN	NaN	NaN	NaN	
693713719000	685757704197	None	6	(37.18, 178.43)	(0.00, 0.00)	NaN	NaN	NaN	NaN	NaN	
693730386000	685774370783	None	6	(35.57, 180.50)	(0.00, 0.00)	NaN	NaN	NaN	NaN	NaN	
693747052000	685791036585	None	6	(30.45, 179.17)	(0.00, 0.00)	NaN	NaN	NaN	NaN	NaN	
693763719000	685807703198	None	6	(37.25, 180.07)	(0.00, 0.00)	NaN	NaN	NaN	NaN	NaN	
693780386000	685824369916	None	6	(33.96, 178.53)	(241.28, 121.39)	NaN	NaN	NaN	NaN	NaN	
693797052000	685841035608	None	Blink	(0.00, 0.00)	(246.61, 120.51)	NaN	NaN	NaN	NaN	NaN	
693813719000	685857702310	None	Blink	(0.00, 0.00)	(240.55, 121.87)	NaN	NaN	NaN	NaN	NaN	
693830385000	685874368093	None	Blink	(0.00, 0.00)	(248.30, 119.39)	NaN	NaN	NaN	NaN	NaN	
693847052000	685891034725	None	Blink	(21.74, 185.93)	(242.60, 120.82)	NaN	NaN	NaN	NaN	NaN	
693863720000	685907702412	None	Blink	(25.28, 180.31)	(246.03, 120.27)	NaN	NaN	NaN	NaN	NaN	
693880387000	685924369196	None	Blink	(0.00, 0.00)	(246.60, 120.34)	NaN	NaN	NaN	NaN	NaN	
693897052000	685941033824	None	Blink	(0.00, 0.00)	(245.26, 120.11)	NaN	NaN	NaN	NaN	NaN	
693913719000	685957700531	None	6	(0.00, 0.00)	(240.59, 121.69)	NaN	NaN	NaN	NaN	NaN	
693930383000	685974364314	None	6	(0.00, 0.00)	(245.11, 120.45)	NaN	NaN	NaN	NaN	NaN	
693930383000	685974364292	None	6	(0.00, 0.00)	(245.11, 120.45)	NaN	NaN	NaN	NaN	NaN	
693947050000	685991030963	None	6	(21.10, 183.89)	(240.10, 121.65)	NaN	NaN	NaN	NaN	NaN	
693963718000	686007698636	None	6	(0.00, 0.00)	(234.94, 122.55)	NaN	NaN	NaN	NaN	NaN	
693980385000	686024365439	None	6	(0.00, 0.00)	(242.73, 121.50)	NaN	NaN	NaN	NaN	NaN	
693997050000	686041030138	None	6	(0.00, 0.00)	(242.26, 121.15)	NaN	NaN	NaN	NaN	NaN	
694030383000	686074362434	None	6	(0.00, 0.00)	(244.09, 120.94)	NaN	NaN	NaN	NaN	NaN	
694047049000	686091028186	None	6	(31.48, 185.69)	(243.40, 120.81)	NaN	NaN	NaN	NaN	NaN	
694063716000	686107694875	None	Blink	(31.91, 176.68)	(239.70, 121.43)	NaN	NaN	NaN	NaN	NaN	
694080382000	686124360660	None	Blink	(0.00, 0.00)	(238.56, 121.94)	NaN	NaN	NaN	NaN	NaN	
694097051000	686141029300	None	Blink	(0.00, 0.00)	(246.10, 120.11)	NaN	NaN	NaN	NaN	NaN	
694113717000	686157694993	None	Blink	(0.00, 0.00)	(242.04, 121.66)	NaN	NaN	NaN	NaN	NaN	
694130384000	686174361746	None	Blink	(36.33, 173.75)	(240.61, 121.97)	NaN	NaN	NaN	NaN	NaN	
694147050000	686191027384	None	Blink	(0.00, 0.00)	(243.23, 120.92)	NaN	NaN	NaN	NaN	NaN	
694163717000	686207694136	None	Blink	(0.00, 0.00)	(244.69, 121.09)	NaN	NaN	NaN	NaN	NaN	
694180383000	686224359771	None	6	(0.00, 0.00)	(242.76, 121.15)	NaN	NaN	NaN	NaN	NaN	
694197048000	686241024509	None	6	(26.36, 182.26)	(240.55, 121.96)	NaN	NaN	NaN	NaN	NaN	
694213715000	686257691204	None	6	(0.00, 0.00)	(247.20, 120.11)	NaN	NaN	NaN	NaN	NaN	
694230381000	686274356899	None	6	(26.62, 183.85)	(248.00, 120.06)	NaN	NaN	NaN	NaN	NaN	
694247048000	686291023622	None	Blink	(0.00, 0.00)	(244.59, 120.71)	NaN	NaN	NaN	NaN	NaN	
694263713000	686307688294	None	Blink	(0.00, 0.00)	(240.45, 121.88)	NaN	NaN	NaN	NaN	NaN	
694280380000	686324365585	None	Blink	(43.73, 185.80)	(246.74, 119.95)	NaN	NaN	NaN	NaN	NaN	
694297048000	686341022729	None	Blink	(34.97, 180.47)	(243.23, 121.08)	NaN	NaN	NaN	NaN	NaN	
694313715000	686357689424	None	Blink	(25.88, 186.18)	(242.51, 121.24)	NaN	NaN	NaN	NaN	NaN	
694330381000	686374355191	None	Blink	(0.00, 0.00)	(243.43, 121.57)	NaN	NaN	NaN	NaN	NaN	
694347048000	686391021874	None	Blink	(0.00, 0.00)	(244.63, 120.78)	NaN	NaN	NaN	NaN	NaN	
694347048000	686391021822	None	Blink	(0.00, 0.00)	(244.63, 120.78)	NaN	NaN	NaN	NaN	NaN	
694363713000	686407686526	None	6	(0.00, 0.00)	(243.31, 121.06)	NaN	NaN	NaN	NaN	NaN	
694380379000	686424352235	None	6	(0.00, 0.00)	(245.00, 120.40)	NaN	NaN	NaN	NaN	NaN	
694397048000	686441020944	None	6	(0.00, 0.00)	(245.90, 120.59)	NaN	NaN	NaN	NaN	NaN	
694413714000	686457686611	None	6	(0.00, 0.00)	(250.80, 119.61)	NaN	NaN	NaN	NaN	NaN	
694430381000	686474353520	None	6	(41.19, 184.84)	(245.10, 120.77)	NaN	NaN	NaN	NaN	NaN	
694463712000	686507683766	None	6	(0.00, 0.00)	(244.94, 120.57)	NaN	NaN	NaN	NaN	NaN	
694480378000	686524349535	None	6	(26.22, 184.26)	(240.70, 121.74)	NaN	NaN	NaN	NaN	NaN	
694497045000	686541016345	None	6	(0.00, 0.00)	(240.83, 121.61)	NaN	NaN	NaN	NaN	NaN	
694513711000	686557681990	None	6	(0.00, 0.00)	(227.20, 124.92)	NaN	NaN	NaN	NaN	NaN	
694530378000	686574348703	None	6	(0.00, 0.00)	(245.38, 120.47)	NaN	NaN	NaN	NaN	NaN	
694547045000	686591015266	None	6	(0.00, 0.00)	(234.92, 123.21)	NaN	NaN	NaN	NaN	NaN	
694563713000	686607683078	None	6	(0.00, 0.00)	(227.96, 123.88)	NaN	NaN	NaN	NaN	NaN	
694580380000	686624349660	None	6	(0.00, 0.00)	(243.83, 121.12)	NaN	NaN	NaN	NaN	NaN	
694597045000	686641014935	None	6	(0.00, 0.00)	(245.04, 120.85)	NaN	NaN	NaN	NaN	NaN	
694613712000	686657681075	None	Blink	(0.00, 0.00)	(240.02, 121.83)	NaN	NaN	NaN	NaN	NaN	
694630378000	686674346823	None	Blink	(0.00, 0.00)	(245.79, 120.24)	NaN	NaN	NaN	NaN	NaN	
694647045000	686691013747	None	Blink	(0.00, 0.00)	(246.64, 120.02)	NaN	NaN	NaN	NaN	NaN	
694663711000	686707679180	None	Blink	(0.00, 0.00)	(247.19, 120.40)	NaN	NaN	NaN	NaN	NaN	
694680378000	686724345916	None	Blink	(0.00, 0.00)	(234.95, 123.29)	NaN	NaN	NaN	NaN	NaN	
694697042000	686741009817	None	Blink	(0.00, 0.00)	(240.96, 121.17)	NaN	NaN	NaN	NaN	NaN	
694713709000	686757676534	None	Blink	(0.00, 0.00)	(232.66, 122.42)	NaN	NaN	NaN	NaN	NaN	
694730376000	686774343145	None	6	(0.00, 0.00)	(241.02, 121.62)	NaN	NaN	NaN	NaN	NaN	
694747042000	686791008708	None	6	(0.00, 0.00)	(242.59, 121.12)	NaN	NaN	NaN	NaN	NaN	
694763709000	686807675516	None	6	(0.00, 0.00)	(244.52, 120.96)	NaN	NaN	NaN	NaN	NaN	
694763709000	686807675419	None	6	(0.00, 0.00)	(244.52, 120.96)	NaN	NaN	NaN	NaN	NaN	
694780375000	686824341117	None	6	(0.00, 0.00)	(244.11, 120.82)	NaN	NaN	NaN	NaN	NaN	
694797042000	686841007814	None	6	(0.00, 0.00)	(246.96, 120.60)	NaN	NaN	NaN	NaN	NaN	
694813708000	686857673522	None	Blink	(0.00, 0.00)	(238.65, 122.27)	NaN	NaN	NaN	NaN	NaN	
694830377000	686874342827	None	Blink	(0.00, 0.00)	(236.55, 123.13)	NaN	NaN	NaN	NaN	NaN	
694847043000	686891007934	None	Blink	(0.00, 0.00)	(242.73, 121.30)	NaN	NaN	NaN	NaN	NaN	
694863710000	686907674641	None	Blink	(0.00, 0.00)	(245.77, 120.25)	NaN	NaN	NaN	NaN	NaN	
694897043000	686941007623	None	Blink	(0.00, 0.00)	(243.48, 121.16)	NaN	NaN	NaN	NaN	NaN	
694913709000	686957672739	None	Blink	(0.00, 0.00)	(241.91, 121.38)	NaN	NaN	NaN	NaN	NaN	
694930374000	686974337472	None	6	(0.00, 0.00)	(248.68, 119.83)	NaN	NaN	NaN	NaN	NaN	
694947041000	686991004154	None	6	(0.00, 0.00)	(237.11, 122.50)	NaN	NaN	NaN	NaN	NaN	
694963707000	687007669875	None	6	(0.00, 0.00)	(244.62, 120.66)	NaN	NaN	NaN	NaN	NaN	
694980374000	687024336567	None	6	(0.00, 0.00)	(244.60, 120.83)	NaN	NaN	NaN	NaN	NaN	
694997040000	687041002320	None	6	(20.32, 183.02)	(237.51, 122.01)	NaN	NaN	NaN	NaN	NaN	
695013707000	687057668975	None	6	(0.00, 0.00)	(244.88, 120.67)	NaN	NaN	NaN	NaN	NaN	
695030372000	687074333671	None	6	(0.00, 0.00)	(242.67, 120.56)	NaN	NaN	NaN	NaN	NaN	
695047039000	687091000370	None	6	(0.00, 0.00)	(243.29, 121.02)	NaN	NaN	NaN	NaN	NaN	
695063707000	687107668075	None	Blink	(0.00, 0.00)	(247.56, 119.72)	NaN	NaN	NaN	NaN	NaN	
695080374000	687124335156	None	Blink	(0.00, 0.00)	(242.96, 120.99)	NaN	NaN	NaN	NaN	NaN	
695097040000	687141000509	None	Blink	(0.00, 0.00)	(244.27, 120.73)	NaN	NaN	NaN	NaN	NaN	
695113707000	687157667195	None	Blink	(0.00, 0.00)	(240.65, 121.48)	NaN	NaN	NaN	NaN	NaN	
695130374000	687174334637	None	Blink	(19.13, 186.61)	(242.52, 121.18)	NaN	NaN	NaN	NaN	NaN	
695147040000	687190999613	None	Blink	(0.00, 0.00)	(251.70, 119.21)	NaN	NaN	NaN	NaN	NaN	
695163707000	687207666565	None	Blink	(20.61, 187.33)	(248.68, 119.58)	NaN	NaN	NaN	NaN	NaN	
695163707000	687207666301	None	Blink	(20.61, 187.33)	(248.68, 119.58)	NaN	NaN	NaN	NaN	NaN	
695180373000	687224332010	None	6	(0.00, 0.00)	(248.24, 119.71)	NaN	NaN	NaN	NaN	NaN	
695197039000	687240997728	None	6	(39.87, 186.36)	(0.00, 0.00)	NaN	NaN	NaN	NaN	NaN	
695213706000	687257664426	None	6	(39.99, 186.80)	(231.97, 123.93)	NaN	NaN	NaN	NaN	NaN	
695230371000	687274329145	None	6	(42.51, 186.65)	(0.00, 0.00)	NaN	NaN	NaN	NaN	NaN	
695247037000	687290994821	None	6	(28.17, 189.54)	(241.95, 121.00)	NaN	NaN	NaN	NaN	NaN	
695263704000	687307661520	None	6	(0.00, 0.00)	(0.00, 0.00)	NaN	NaN	NaN	NaN	NaN	
695280371000	687324328212	None	6	(0.00, 0.00)	(238.30, 122.22)	NaN	NaN	NaN	NaN	NaN	
695297037000	687340993930	None	6	(30.10, 179.44)	(0.00, 0.00)	NaN	NaN	NaN	NaN	NaN	
695330372000	687374328387	None	6	(0.00, 0.00)	(0.00, 0.00)	NaN	NaN	NaN	NaN	NaN	
695347039000	687390995054	None	6	(33.50, 182.68)	(0.00, 0.00)	NaN	NaN	NaN	NaN	NaN	
695363704000	687407659761	None	6	(44.66, 187.96)	(241.49, 121.07)	NaN	NaN	NaN	NaN	NaN	
695380371000	687424326465	None	6	(0.00, 0.00)	(240.89, 121.55)	NaN	NaN	NaN	NaN	NaN	
695397037000	687440992162	None	6	(0.00, 0.00)	(0.00, 0.00)	NaN	NaN	NaN	NaN	NaN	
695413704000	687457658860	None	6	(38.29, 173.96)	(0.00, 0.00)	NaN	NaN	NaN	NaN	NaN	
695430370000	687474324586	None	6	(34.13, 176.22)	(0.00, 0.00)	NaN	NaN	NaN	NaN	NaN	
695447037000	687490991282	None	6	(0.00, 0.00)	(241.80, 121.33)	NaN	NaN	NaN	NaN	NaN	
695463703000	687507656987	None	6	(0.00, 0.00)	(244.00, 120.86)	NaN	NaN	NaN	NaN	NaN	
695480370000	687524323677	None	6	(32.08, 176.03)	(242.93, 120.82)	NaN	NaN	NaN	NaN	NaN	
695497035000	687540988389	None	6	(39.92, 186.28)	(0.00, 0.00)	NaN	NaN	NaN	NaN	NaN	
695513701000	687557654079	None	6	(0.00, 0.00)	(245.04, 120.31)	NaN	NaN	NaN	NaN	NaN	
695530368000	687574320808	None	6	(38.00, 176.25)	(0.00, 0.00)	NaN	NaN	NaN	NaN	NaN	
695547034000	687590986503	None	6	(36.14, 176.20)	(244.77, 120.58)	NaN	NaN	NaN	NaN	NaN	
695563703000	687607655331	None	6	(0.00, 0.00)	(0.00, 0.00)	NaN	NaN	NaN	NaN	NaN	
695580369000	687624320943	None	6	(0.00, 0.00)	(0.00, 0.00)	NaN	NaN	NaN	NaN	NaN	
695580369000	687624320907	None	6	(0.00, 0.00)	(0.00, 0.00)	NaN	NaN	NaN	NaN	NaN	
695597036000	687640987629	None	6	(40.90, 179.55)	(246.70, 120.46)	NaN	NaN	NaN	NaN	NaN	
695613702000	687657653314	None	6	(0.00, 0.00)	(0.00, 0.00)	NaN	NaN	NaN	NaN	NaN	
695630369000	687674320037	None	6	(0.00, 0.00)	(242.13, 121.30)	NaN	NaN	NaN	NaN	NaN	
695647035000	687690985731	None	6	(0.00, 0.00)	(239.66, 122.04)	NaN	NaN	NaN	NaN	NaN	
695663702000	687707652454	None	Blink	(0.00, 0.00)	(244.28, 120.81)	NaN	NaN	NaN	NaN	NaN	
695680368000	687724318134	None	Blink	(0.00, 0.00)	(244.34, 120.84)	NaN	NaN	NaN	NaN	NaN	
695697033000	687740982842	None	Blink	(0.00, 0.00)	(245.21, 120.74)	NaN	NaN	NaN	NaN	NaN	
695713700000	687757649528	None	Blink	(0.00, 0.00)	(241.46, 121.01)	NaN	NaN	NaN	NaN	NaN	
695730368000	687774317587	None	Blink	(0.00, 0.00)	(254.82, 119.18)	NaN	NaN	NaN	NaN	NaN	
695763700000	687807648658	None	Blink	(0.00, 0.00)	(245.90, 120.59)	NaN	NaN	NaN	NaN	NaN	
695780367000	687824315357	None	Blink	(0.00, 0.00)	(242.47, 121.11)	NaN	NaN	NaN	NaN	NaN	
695797031000	687840979063	None	Blink	(0.00, 0.00)	(0.00, 0.00)	NaN	NaN	NaN	NaN	NaN	
695813698000	687857645755	None	Blink	(0.00, 0.00)	(239.65, 121.38)	NaN	NaN	NaN	NaN	NaN	
695830364000	687874311453	None	Blink	(0.00, 0.00)	(242.18, 121.41)	NaN	NaN	NaN	NaN	NaN	
695847031000	687890978194	None	Blink	(0.00, 0.00)	(246.96, 120.31)	NaN	NaN	NaN	NaN	NaN	
695863699000	687907645883	None	Blink	(0.00, 0.00)	(244.10, 120.97)	NaN	NaN	NaN	NaN	NaN	
695880366000	687924312585	None	Blink	(0.00, 0.00)	(250.48, 119.37)	NaN	NaN	NaN	NaN	NaN	
695897031000	687940977314	None	Blink	(0.00, 0.00)	(240.06, 121.43)	NaN	NaN	NaN	NaN	NaN	
695913697000	687957643002	None	6	(0.00, 0.00)	(243.03, 121.13)	NaN	NaN	NaN	NaN	NaN	
695930366000	687974311699	None	6	(0.00, 0.00)	(246.69, 120.33)	NaN	NaN	NaN	NaN	NaN	
695947032000	687990977399	None	6	(0.00, 0.00)	(239.56, 121.84)	NaN	NaN	NaN	NaN	NaN	
695963697000	688007642122	None	Blink	(0.00, 0.00)	(242.09, 121.40)	NaN	NaN	NaN	NaN	NaN	
695980363000	688024307819	None	Blink	(0.00, 0.00)	(239.61, 121.65)	NaN	NaN	NaN	NaN	NaN	
695997030000	688040974508	None	Blink	(0.00, 0.00)	(240.64, 121.68)	NaN	NaN	NaN	NaN	NaN	
695997030000	688040974508	None	Blink	(0.00, 0.00)	(240.64, 121.68)	NaN	NaN	NaN	NaN	NaN	
696013696000	688057640256	None	Blink	(0.00, 0.00)	(244.10, 121.08)	NaN	NaN	NaN	NaN	NaN	
696030363000	688074306931	None	Blink	(0.00, 0.00)	(239.45, 121.90)	NaN	NaN	NaN	NaN	NaN	
696047030000	688090973657	None	Blink	(0.00, 0.00)	(242.92, 120.98)	NaN	NaN	NaN	NaN	NaN	
696063698000	688107641607	None	Blink	(29.24, 182.05)	(243.51, 120.90)	NaN	NaN	NaN	NaN	NaN	
696080365000	688124308049	None	6	(0.00, 0.00)	(245.82, 120.79)	NaN	NaN	NaN	NaN	NaN	
696097031000	688140973731	None	6	(0.00, 0.00)	(238.91, 121.95)	NaN	NaN	NaN	NaN	NaN	
696113698000	688157640448	None	6	(0.00, 0.00)	(241.93, 121.37)	NaN	NaN	NaN	NaN	NaN	
696130363000	688174305170	None	6	(0.00, 0.00)	(246.48, 120.34)	NaN	NaN	NaN	NaN	NaN	
696147030000	688190971853	None	6	(0.00, 0.00)	(244.27, 120.70)	NaN	NaN	NaN	NaN	NaN	
696163696000	688207637801	None	6	(0.00, 0.00)	(234.49, 123.36)	NaN	NaN	NaN	NaN	NaN	
696197028000	688240968977	None	6	(0.00, 0.00)	(243.49, 121.00)	NaN	NaN	NaN	NaN	NaN	
696213695000	688257635672	None	6	(0.00, 0.00)	(242.67, 121.32)	NaN	NaN	NaN	NaN	NaN	
696230361000	688274301390	None	6	(0.00, 0.00)	(249.31, 119.34)	NaN	NaN	NaN	NaN	NaN	
696247028000	688290968084	None	6	(0.00, 0.00)	(0.00, 0.00)	NaN	NaN	NaN	NaN	NaN	
696263695000	688307634794	None	6	(0.00, 0.00)	(0.00, 0.00)	NaN	NaN	NaN	NaN	NaN	
696280362000	688324301477	None	Blink	(26.34, 187.41)	(243.13, 120.86)	NaN	NaN	NaN	NaN	NaN	
